314.3
0.7 5.46413230896
2.8 5.46413230896
5.4 5.56108856201
7.8 5.83913421631
10.2 6.01056337357
12.7 6.3405995369
14.9 7.14821434021
17.4 8.04646110535
19.8 9.53715896606
22.2 10.6640949249
24.5 11.237575531
26.9 12.0167350769
29.3 13.2090120316
31.8 14.9638786316
34.4 16.2116584778
36.9 16.8773517609
39.5 17.2927532196
42.2 17.5530586243
45.0 17.8586788177
47.6 18.0260696411
50.2 18.3113155365
52.7 18.8145389557
55.3 20.0384311676
57.7 20.3626708984
60.0 20.6890201569
62.5 21.0302963257
64.8 22.9054794312
67.1 23.6259746552
69.6 25.0139198303
72.2 26.3049087524
74.8 27.6473617554
77.2 28.4277515411
79.7 29.1521110535
82.3 29.9598999023
84.7 30.4264125824
87.2 31.555809021
89.7 32.0539360046
92.1 32.4672279358
94.4 32.485496521
96.8 32.4962120056
98.9 32.8394203186
101.3 33.4771881104
103.7 33.8495521545
105.8 34.495223999
108.0 35.3156585693
110.2 37.4005622864
112.6 38.6771507263
114.9 40.1797904968
117.3 41.0328979492
120.0 41.9141044617
122.5 42.8611831665
124.9 43.8936233521
127.5 45.0319747925
130.0 45.4529953003
132.4 46.1188659668
134.9 47.5575714111
137.3 50.1446418762
139.8 51.0899620056
142.0 52.0813026428
144.5 52.6380958557
146.7 53.964214325
149.0 54.5138053894
151.1 55.0356483459
153.1 55.6042098999
155.7 56.1704864502
158.1 56.9435005188
160.5 57.6135864258
162.9 58.1262931824
165.2 59.6248931885
167.8 60.2356109619
170.3 60.682975769
172.6 61.1754837036
175.0 62.2037086487
177.4 62.7840385437
179.6 63.3868522644
181.9 63.9511985779
184.2 64.6391983032
186.7 64.9839935303
189.2 65.9832305908
191.5 67.1999206543
193.9 67.9025039673
196.3 68.2212982178
198.6 68.2485198975
201.0 68.8975296021
203.2 69.3837127686
205.4 70.3703155518
208.0 70.523651123
210.2 70.8312072754
212.3 71.0381164551
214.7 71.698890686
217.3 72.6784591675
219.7 74.6871337891
222.0 74.9906463623
224.4 75.7373123169
226.4 76.2003097534
228.4 76.8832168579
230.7 77.6822280884
233.2 78.3528366089
235.3 78.9732131958
237.8 79.4181213379
240.1 80.536277771
242.4 80.7881546021
245.0 81.0942993164
247.5 81.3344116211
249.8 81.6936035156
251.9 82.3097610474
254.5 82.7678451538
256.8 83.7289733887
258.9 85.1934967041
261.2 86.0936813354
263.8 87.1257705688
266.2 88.0967330933
268.6 89.1873092651
271.0 89.6982574463
273.4 90.6033554077
275.7 91.6491470337
278.2 92.7841644287
280.6 93.998046875
283.1 94.3233337402
285.2 94.5743331909
287.4 95.0397949219
289.7 95.1729278564
292.0 95.1771469116
294.3 95.1796035767
296.6 95.2612838745
299.0 95.4704742432
301.5 96.506072998
304.1 96.9827728271
306.6 98.6067886353
309.3 99.2724761963
311.6 99.8702011108
314.0 100.0
