290.7
1.8 7.24237680435
4.2 7.28692865372
6.4 7.83556318283
8.5 8.51851940155
10.6 9.22066497803
12.5 9.829870224
14.3 10.4088726044
16.5 10.9898786545
18.6 11.5640420914
20.6 12.0602827072
22.7 12.7849550247
24.6 13.6597995758
26.6 14.5192937851
29.1 15.5247907639
31.4 16.7208404541
33.7 17.8219470978
35.9 19.0630493164
38.4 20.3073215485
40.6 21.2864551544
42.9 21.8861484528
45.1 22.5864582062
47.4 23.3249797821
49.6 24.1634483337
51.8 25.252040863
53.8 25.480304718
56.1 26.3176078796
58.1 27.7035446167
60.3 28.8812389374
62.6 30.393989563
64.8 31.9823265076
67.0 33.7386894226
69.2 35.5898323059
71.5 37.3281745911
73.8 38.501033783
76.0 39.5168762207
78.0 40.5649185181
80.2 41.794342041
82.5 43.0910072327
84.8 44.2645339966
86.9 45.4977912903
89.2 46.8702125549
91.6 48.190574646
94.0 49.5826835632
96.4 51.1102828979
98.7 52.5018920898
101.1 53.9939537048
103.2 55.3668746948
105.3 56.5821151733
107.6 57.8736076355
109.8 59.3409729004
112.3 60.6299629211
114.8 62.173248291
117.0 63.6831588745
119.2 64.7997817993
121.5 66.1550216675
123.9 67.2294311523
126.2 68.0198440552
128.5 68.7561950684
130.8 69.8054046631
133.0 70.8474502563
135.3 72.2093582153
137.6 73.6233215332
139.9 75.3526611328
142.2 76.7075576782
144.3 78.237159729
146.5 79.6274337769
148.7 81.0717697144
151.1 81.9988479614
153.3 82.7381973267
155.4 83.5790100098
157.6 84.1693572998
159.7 84.8324584961
161.9 85.6248703003
164.2 86.3754043579
166.3 87.1691589355
168.6 87.6790847778
171.0 88.3667144775
173.2 89.070526123
176.0 89.3887252808
178.2 89.536567688
180.4 89.6016387939
182.6 89.6491928101
184.9 89.6757278442
186.9 89.6997528076
189.1 89.8569335938
191.0 90.1385955811
192.9 90.430267334
194.9 90.7386245728
196.9 91.3046112061
198.9 91.9318313599
201.0 92.4836425781
203.1 92.9777145386
205.2 93.3309555054
207.3 93.5411987305
209.2 93.6498184204
211.0 93.8308639526
212.9 94.1707611084
214.8 94.4657669067
217.1 94.6953659058
219.4 94.8724060059
221.6 94.9563293457
223.8 95.0661239624
225.9 95.1487197876
228.0 95.2930526733
230.3 95.4200363159
232.4 95.5011291504
234.7 95.5455169678
236.7 95.5890655518
238.8 95.7629318237
241.0 96.0512695312
243.1 96.2101135254
245.2 96.2945480347
247.3 96.4343719482
249.4 96.6694793701
251.4 97.0550918579
253.4 97.3873138428
255.5 97.6582946777
257.5 97.8908920288
259.5 97.9831695557
261.6 98.0587539673
263.6 98.1168212891
265.7 98.1700515747
268.0 98.2212753296
270.2 98.2765045166
272.3 98.4146652222
274.3 98.6626205444
276.4 98.8449935913
278.4 99.0499038696
280.4 99.2062454224
282.5 99.3640975952
284.5 99.4765625
286.6 99.6534347534
288.5 99.9100646973
290.4 99.9819793701
