327.5
0.7 8.11952972412
2.6 8.11952972412
4.5 8.11952972412
6.5 8.41285610199
8.4 8.66771697998
10.5 8.86496639252
12.3 9.22872638702
14.2 9.54752159119
16.2 9.95536899567
18.2 10.242898941
20.2 11.3392734528
22.2 11.6190757751
24.2 11.9008102417
25.9 12.0536212921
27.9 12.1995811462
29.7 12.3422050476
31.8 12.4646291733
33.6 12.5333070755
35.2 12.7632255554
37.0 13.0080747604
39.1 13.151049614
41.0 13.3937902451
43.0 13.59349823
45.0 14.1481847763
46.6 14.6988306046
48.6 15.1839618683
50.4 16.2745399475
52.3 17.4030570984
54.2 18.868637085
56.1 19.9878444672
58.1 21.7309436798
60.2 23.264673233
62.0 24.304315567
63.7 25.381193161
65.6 26.0298500061
67.7 27.1339511871
69.6 28.9097194672
71.6 30.5488376617
73.6 31.5556335449
75.6 32.1148872375
77.5 32.387134552
79.6 32.6251335144
81.6 32.7667045593
83.4 32.9853820801
85.4 33.2186355591
87.1 33.6117286682
89.1 33.9617919922
91.0 34.4212760925
93.0 34.7056465149
94.8 35.0843353271
96.7 35.4577560425
98.6 36.0939407349
100.6 36.9862174988
102.4 38.8498077393
104.4 39.9040260315
106.3 40.7281532288
108.2 41.2961883545
110.2 42.3706054688
111.9 42.7275161743
113.7 42.9212532043
115.8 43.3308563232
117.6 43.6921577454
119.3 44.0687408447
121.2 44.3216705322
123.1 44.9236030579
125.1 45.1471977234
127.3 45.5436286926
129.3 45.9887123108
131.2 46.4357299805
133.3 46.6493110657
135.5 47.0952758789
137.5 47.7072219849
139.5 48.0446357727
141.3 48.9946975708
143.1 50.0687637329
144.9 50.2171859741
146.7 50.4817047119
148.7 50.8618011475
150.7 51.1463470459
152.6 51.2014961243
154.5 51.2050094604
156.3 51.2050094604
158.1 51.2050094604
160.1 51.2266159058
162.1 51.4762077332
164.1 52.8146209717
166.1 53.7889213562
168.1 54.2821311951
170.0 54.6053161621
171.7 54.9133987427
173.3 55.1053771973
175.0 55.4882850647
176.8 56.2453117371
178.8 57.75831604
180.8 58.3251228333
182.9 58.9844932556
184.6 60.1019439697
186.5 60.7434005737
188.3 61.3822174072
190.4 61.581401825
192.2 61.9755477905
194.2 62.1749038696
196.2 62.3468589783
197.9 62.7367897034
199.6 64.4923629761
201.3 64.7630310059
203.3 65.2857513428
205.2 65.6916656494
207.1 65.9690093994
209.2 66.7834701538
211.0 67.2236328125
213.0 67.4038467407
214.9 67.8821258545
216.7 68.6525039673
218.7 69.4213027954
220.7 70.1286239624
222.5 70.832611084
224.3 71.4034576416
226.1 72.1063842773
228.2 72.7761154175
230.0 73.7527008057
231.9 74.697845459
234.0 75.7980880737
235.9 76.2103271484
238.1 76.5839233398
240.1 77.0764312744
242.1 78.4717483521
244.1 79.5024337769
246.1 79.8886795044
248.3 80.5394363403
250.3 81.1619262695
252.4 82.2235183716
254.4 83.4642791748
256.5 84.9909820557
258.5 86.330619812
260.5 86.6815643311
262.5 86.8336715698
264.5 86.8475494385
266.5 86.8700256348
268.4 86.8731918335
270.3 86.9957885742
272.3 87.3588485718
274.3 87.9962615967
276.3 89.5710906982
278.3 90.1285858154
280.3 90.2455673218
282.1 91.2495574951
284.1 92.6849212646
286.2 93.1437072754
288.2 93.6024932861
290.2 93.8081741333
292.2 94.1975784302
294.1 94.5613327026
295.8 94.8046035767
297.5 95.198928833
299.6 95.4218215942
301.8 95.7771453857
303.9 97.4406814575
305.9 97.9595336914
307.7 98.1109390259
309.6 98.161529541
311.6 98.161529541
313.5 98.221244812
315.5 98.2944869995
317.3 98.6384048462
319.2 99.1026306152
321.2 99.3652191162
323.4 99.7727127075
325.3 99.9371185303
327.2 99.9894638062
