289.5
0.9 4.50511217117
2.9 4.50511217117
4.9 4.84779500961
6.7 5.34890937805
8.5 5.54826641083
10.5 5.88743638992
12.5 6.12455654144
14.3 6.49147844315
16.4 6.86700725555
18.4 7.39956188202
20.3 8.05612182617
22.0 9.58423137665
23.9 10.3184261322
25.9 12.3279781342
27.6 14.2026338577
29.3 14.8049201965
31.3 15.2060928345
33.2 15.4388217926
35.2 15.4985408783
37.2 15.5234832764
39.2 15.6097240448
41.0 15.7753572464
43.0 16.0790462494
44.9 16.6520004272
46.7 16.7719650269
48.7 16.8971996307
50.6 17.0970840454
52.5 17.4982566833
54.5 18.1744880676
56.5 20.3377304077
58.5 21.289899826
60.5 22.4282531738
62.5 23.4814186096
64.6 24.894657135
66.5 26.1628112793
68.6 27.051399231
70.7 27.7850666046
72.7 28.3299179077
74.7 28.7897548676
76.6 29.3549804688
78.3 30.4589061737
80.1 31.7093219757
82.0 32.3750152588
83.8 33.4360847473
85.7 34.6167678833
87.7 35.3404273987
89.8 36.1039543152
91.7 36.816368103
93.5 37.3793106079
95.2 37.6645584106
97.1 37.8535499573
99.1 38.17603302
100.9 38.4818305969
102.8 38.8227577209
104.8 39.4406776428
106.5 40.2913246155
108.2 41.7145729065
110.2 42.0528640747
112.1 42.7046813965
114.1 43.5649909973
115.8 44.6631202698
117.7 46.1706809998
119.7 47.721622467
121.5 49.2219810486
123.5 50.7513198853
125.6 52.5016212463
127.6 53.9403266907
129.7 55.0305519104
131.7 56.4142837524
133.5 57.5949668884
135.4 58.4204978943
137.4 59.0377120972
139.2 59.7258872986
141.1 60.3397674561
143.1 60.7319831848
145.3 60.9390678406
147.4 61.0328598022
149.2 61.2473220825
151.3 61.6437530518
153.1 62.5044136047
155.0 62.7901878357
157.1 63.0520744324
159.0 63.3457527161
161.0 63.790309906
162.8 64.2750854492
164.7 65.343711853
166.5 66.9833526611
168.6 68.6734085083
170.4 69.7824325562
172.3 70.5772247314
174.5 71.1157455444
176.6 71.5622406006
178.7 71.9200286865
180.7 72.2990646362
182.5 72.6447372437
184.6 72.6935653687
186.7 72.6935653687
188.5 72.7072677612
190.3 72.7239532471
192.1 72.8224868774
193.9 73.2331466675
195.8 73.5208511353
197.7 74.098197937
199.7 74.481803894
201.5 74.7770614624
203.5 75.2300491333
205.5 75.5506057739
207.5 75.7912368774
209.4 76.0471496582
211.4 76.2247238159
213.2 76.5187530518
214.9 76.7813415527
216.8 77.2294158936
218.8 78.4898452759
220.6 80.8171310425
222.6 82.0480499268
224.5 83.1233520508
226.5 84.2153320312
228.2 85.1894607544
230.0 85.7476577759
232.0 86.4166870117
233.8 87.2715530396
235.8 87.5666351318
237.6 88.3566818237
239.4 88.6976089478
241.1 89.1607894897
243.0 90.118927002
245.0 90.8483810425
246.9 91.7353897095
248.9 92.3926467896
250.6 93.2963409424
252.6 93.9249725342
254.6 94.652671814
256.7 95.2786712646
258.6 95.9819488525
260.5 96.505897522
262.4 96.760055542
264.4 97.2567825317
266.2 97.6790313721
268.2 97.8611755371
270.0 98.2361755371
271.9 98.4669723511
273.9 98.5149230957
275.8 98.5625228882
277.8 98.5625228882
279.6 98.5625228882
281.3 98.5943145752
283.1 98.877281189
285.1 99.6949081421
287.1 99.8041534424
289.1 99.9845428467
