328.6
1.1 4.91172981262
3.2 4.91172981262
5.6 5.11038398743
7.8 5.40107584
10.0 5.78925085068
12.4 6.35254383087
14.7 6.74247503281
16.7 7.23006486893
18.6 7.59909439087
20.5 8.55776309967
22.7 9.85314369202
24.7 12.3067245483
27.0 13.9207248688
29.2 14.9203186035
31.4 15.592335701
33.6 15.9645271301
35.8 16.5845527649
38.0 16.732093811
40.3 16.900888443
42.5 17.1271190643
44.8 17.5037021637
46.8 18.0014781952
48.8 19.215007782
50.8 21.5593395233
52.9 22.851556778
54.9 24.2607555389
57.1 25.8900356293
59.2 27.0036239624
61.4 27.4941997528
63.5 28.213640213
65.7 28.837179184
68.2 29.1459617615
70.4 29.8048057556
72.4 30.8144111633
74.6 31.2429847717
76.8 31.7938079834
79.0 33.100605011
81.0 34.1720352173
83.1 34.6002578735
85.2 35.6871490479
87.3 36.6791915894
89.6 37.1488647461
91.9 37.5644378662
93.9 37.7276153564
96.1 37.9122161865
98.2 38.1618080139
100.4 38.5466461182
102.6 38.9643287659
104.8 39.5609931946
107.0 40.0803756714
109.1 41.5586013794
111.1 43.0278701782
113.4 44.7010612488
115.6 45.8552246094
117.9 48.6211013794
120.2 51.0474586487
122.3 52.6553077698
124.7 54.0529136658
127.0 55.4933776855
129.4 56.7631149292
131.4 58.1596641541
133.6 59.0129470825
135.7 60.1572723389
138.1 60.313243866
140.3 60.6513595581
142.6 60.7000160217
144.7 60.7000160217
146.9 60.7000160217
148.9 60.7000160217
150.8 60.7000160217
153.1 60.7383041382
155.2 60.9545249939
157.3 61.1090927124
159.6 61.4292907715
161.7 62.4743766785
163.9 62.7973899841
166.1 62.9681167603
168.3 63.0208091736
170.3 63.0208091736
172.5 63.0526008606
174.5 63.2631988525
176.5 63.4704589844
178.5 63.6808815002
180.6 63.7971572876
182.7 64.1567001343
184.7 64.6270828247
187.0 65.6596984863
189.0 67.8180160522
191.2 69.7283325195
193.3 71.1652832031
195.2 72.5818557739
197.5 73.1581420898
199.6 74.1948013306
201.7 74.6845016479
204.0 75.4153594971
206.3 76.0120239258
208.2 76.6828079224
210.5 77.0734405518
212.8 77.7686462402
215.0 78.6851577759
217.0 78.9092788696
219.0 78.9477462769
221.4 78.9646072388
223.7 78.9646072388
225.7 79.6238021851
227.9 80.1965789795
229.8 81.125038147
232.0 81.7868728638
234.3 82.5944824219
236.4 83.105255127
238.6 83.6270980835
240.7 84.7150421143
242.9 85.1128768921
245.0 85.6089019775
247.2 85.9292755127
249.1 86.4158096313
251.4 86.6004104614
253.6 86.8115386963
255.7 87.3808059692
257.6 89.0265960693
259.7 89.3854370117
261.6 89.7281188965
263.5 90.7717971802
265.6 91.1896591187
267.8 91.5674743652
269.8 91.6465148926
272.1 91.7566375732
274.3 91.8117904663
276.6 91.8117904663
278.4 92.0670013428
280.5 92.232635498
283.1 92.2588119507
285.3 93.0982131958
287.3 93.0982131958
289.5 93.2947616577
291.7 93.6091690063
293.9 94.2708206177
296.1 94.6393203735
298.4 95.0538406372
300.6 95.7153244019
302.7 96.0471115112
304.6 96.6717071533
306.6 97.1329498291
308.8 97.3433761597
310.9 97.7693099976
313.1 97.9656829834
315.4 98.3329544067
317.4 98.5584869385
319.6 98.9074859619
321.7 99.1576080322
324.0 99.6757583618
326.1 99.9580230713
328.3 100.0
