456.7
1.3 3.74019551277
3.3 3.74019551277
5.3 4.42737531662
7.6 5.01435184479
9.9 5.69080781937
12.7 6.39005184174
15.8 6.48506069183
18.2 6.48506069183
20.7 6.48506069183
23.6 6.48506069183
25.9 6.73959064484
28.4 7.68498659134
30.7 8.45527839661
33.0 8.97757530212
35.1 9.51260662079
37.2 10.3133945465
39.3 11.3998794556
41.5 12.5538930893
43.8 13.3483133316
46.0 14.1516151428
48.4 14.5919733047
50.7 14.8632593155
53.2 14.9354791641
55.5 15.4100208282
58.0 15.9510850906
60.4 16.5310230255
63.1 17.3666648865
65.8 18.1196975708
68.2 18.9099292755
70.4 19.8377304077
73.2 20.9397983551
75.6 22.1531295776
78.2 23.5925045013
80.6 25.0183067322
82.9 26.3908233643
85.4 27.3311920166
87.6 27.9937400818
89.9 28.900428772
92.4 29.6055374146
95.1 29.8255500793
97.9 29.945022583
101.0 30.464805603
103.5 31.2159957886
106.0 31.9576339722
108.4 32.7143516541
110.9 33.4652061462
113.4 34.272026062
116.3 35.0052871704
118.8 35.7926712036
121.2 36.6777420044
123.7 39.2754859924
126.1 40.0387420654
128.7 40.7828941345
131.2 42.8273391724
133.7 45.0988388062
136.2 46.276309967
138.4 47.4707069397
140.8 48.5710983276
142.8 49.4149513245
144.9 50.0952606201
147.1 50.8250007629
149.2 51.8762969971
151.4 53.1568222046
153.5 54.1402549744
155.7 55.3646430969
157.9 56.9442710876
160.2 58.0079650879
162.5 58.9711227417
164.8 59.8690986633
166.9 60.6683807373
169.0 61.2489891052
171.5 61.4586105347
173.7 61.4723510742
175.7 61.4723510742
177.9 61.5487594604
180.4 62.2508544922
182.7 63.3058357239
185.1 64.6041183472
187.2 65.7703704834
189.2 66.6874465942
191.4 67.2720718384
193.6 67.7037200928
195.8 67.8935699463
198.1 68.014213562
200.2 68.1142501831
202.5 68.1610031128
204.8 68.1715621948
207.0 68.8751602173
209.3 69.9259567261
211.5 70.7553939819
213.7 71.1912307739
215.7 71.674987793
217.9 72.4642105103
220.2 73.0642623901
222.4 73.7410507202
224.9 74.3901901245
227.4 75.1916503906
229.6 75.6058731079
232.1 75.6797637939
234.6 76.1073913574
237.1 76.9130325317
239.7 77.4306411743
242.2 77.55128479
244.5 77.7557144165
246.6 78.043586731
249.2 78.4065322876
251.6 78.7812042236
253.9 79.118347168
256.0 79.5809860229
258.8 80.1649475098
261.2 80.7643280029
263.7 81.3058929443
266.1 81.8531570435
268.5 82.0428390503
270.8 82.1090240479
273.3 82.5185546875
275.9 82.9666213989
278.1 83.1407165527
280.5 83.1586456299
282.9 83.1723861694
285.3 83.2084121704
287.7 83.2920303345
290.3 83.4520492554
292.7 83.6122436523
294.8 83.6809463501
296.9 83.7213287354
298.9 83.9520645142
301.0 84.3237228394
302.9 84.8115005493
305.0 85.3435134888
307.0 85.9770736694
309.2 86.5663986206
311.4 87.0851745605
313.3 87.4167861938
315.2 87.5801620483
317.4 87.7244338989
319.4 87.8846206665
321.4 88.0603942871
323.4 88.0603942871
325.3 88.0603942871
327.5 88.0603942871
329.6 88.0692749023
331.7 88.1321105957
333.5 88.3047027588
335.6 88.6949615479
337.6 89.2568054199
339.7 89.8950576782
341.6 90.3541793823
343.5 90.6356887817
345.5 90.7152786255
347.6 90.7196350098
349.5 90.9093170166
351.7 91.2538299561
353.7 91.725189209
355.5 92.2126312256
357.4 92.686164856
359.3 93.1372528076
361.3 93.6231842041
363.1 93.9145812988
365.0 94.0653839111
367.0 94.1049346924
369.0 94.1124725342
370.8 94.1124725342
372.8 94.1164932251
374.9 94.1210174561
376.8 94.1210174561
378.7 94.1210174561
380.6 94.1210174561
382.4 94.1247024536
384.2 94.1436386108
386.1 94.2544021606
388.1 94.5318832397
389.9 94.8453979492
391.7 95.1880645752
393.5 95.4340515137
395.3 95.7008132935
397.2 95.9576873779
399.1 96.2745513916
400.8 96.5527038574
402.7 96.7723846436
404.5 96.9463119507
406.4 97.0746688843
408.2 97.2050323486
410.0 97.3340606689
411.8 97.5837249756
413.6 97.9325942993
415.4 98.2853164673
417.2 98.4778518677
419.1 98.6010055542
421.1 98.7347259521
422.8 98.8458175659
424.8 98.9436798096
426.6 99.0438766479
428.6 99.2169723511
430.4 99.3842010498
432.2 99.5348434448
434.1 99.6556549072
435.7 99.7114562988
437.6 99.7139663696
439.4 99.7139663696
441.3 99.7139663696
443.1 99.7139663696
445.2 99.7139663696
447.0 99.7139663696
448.8 99.7139663696
450.6 99.7139663696
452.4 99.7139663696
454.4 99.7139663696
456.4 100.0
