362.8
1.8 5.75218963623
3.6 5.83439159393
5.5 6.03743696213
7.4 6.2394285202
9.4 6.46390247345
11.1 7.00330734253
13.1 8.26917934418
15.0 8.97017765045
17.0 9.46479320526
19.0 10.1736955643
21.0 10.6923742294
23.0 11.0645656586
25.0 11.4300823212
26.8 11.693198204
28.6 12.0042648315
30.6 12.2159166336
32.6 12.6578388214
34.4 13.3862371445
36.2 14.6589593887
38.2 15.358376503
40.0 15.794678688
41.8 16.183555603
43.6 17.1622486115
45.5 17.6832103729
47.1 18.3947467804
49.1 18.9994926453
51.1 20.23005867
53.2 21.2533664703
55.3 21.978603363
57.3 22.6731014252
59.4 23.5095233917
61.1 24.2193031311
63.1 25.0964736938
64.8 26.4926738739
66.6 27.5207214355
68.7 28.6125297546
70.7 29.1132926941
72.5 29.8329086304
74.3 30.4682159424
76.2 31.2342033386
78.5 32.1083869934
80.9 32.8007774353
83.2 34.5526580811
85.3 35.2157173157
87.8 35.7055931091
90.1 36.8783721924
92.8 37.177318573
95.0 37.6810684204
97.4 37.7281417847
99.9 37.7300720215
102.4 37.8270301819
104.6 38.0255088806
106.9 38.2433052063
109.2 38.3320083618
111.6 38.5682487488
113.9 38.8338241577
116.5 39.1578903198
118.6 40.1420249939
120.8 41.2498168945
123.2 43.3413963318
125.6 46.2154693604
128.1 48.6133728027
130.8 49.5716896057
133.2 50.8986854553
135.8 51.469707489
138.2 52.6113967896
140.9 53.2168464661
143.2 54.1779747009
145.5 54.6420288086
148.3 55.2643356323
150.6 55.6172065735
153.0 56.4246444702
155.4 57.3924484253
157.8 57.7307395935
160.1 58.084487915
162.6 58.4886474609
164.9 59.1553955078
167.5 59.5467300415
169.4 60.5561599731
171.9 60.766582489
174.1 61.1668777466
176.5 61.3397140503
178.9 61.7148895264
181.2 61.9140701294
183.7 62.5625495911
185.8 62.8702812195
188.3 62.8957481384
190.6 62.8957481384
192.9 62.9041786194
195.4 63.0051765442
197.9 63.4174156189
200.3 65.0804214478
202.5 65.4863357544
204.8 65.9781417847
207.2 67.1261520386
209.6 67.5686035156
212.2 68.1696624756
214.3 68.6602325439
216.6 68.8601150513
218.9 69.2136917114
221.0 69.6327819824
223.5 70.0104141235
226.0 70.5793304443
228.5 71.3126449585
231.0 72.3104858398
233.3 73.8099594116
235.4 75.0203323364
237.7 76.4147720337
240.2 78.179473877
242.8 78.8467483521
245.2 79.5521392822
247.8 79.6896743774
250.2 80.3790740967
252.7 81.2376251221
255.2 83.123878479
257.6 84.8819046021
260.2 86.6035766602
262.5 88.7125396729
265.2 89.7370758057
267.4 90.5004272461
269.8 90.6922302246
272.4 90.6922302246
275.2 90.6922302246
277.8 91.2451629639
280.5 91.55078125
282.8 91.5734405518
285.5 91.5734405518
288.0 91.7266082764
290.7 92.2213973999
293.0 92.3789520264
295.7 92.3789520264
298.0 92.3789520264
300.4 92.3789520264
302.9 92.3789520264
305.3 92.3789520264
307.8 92.3789520264
310.5 92.3789520264
313.0 92.3789520264
315.6 92.3789520264
318.1 92.3789520264
320.9 92.3789520264
323.5 92.4702835083
326.0 93.2585754395
328.5 93.8856277466
331.0 94.5230484009
333.6 94.8869781494
335.9 95.7450027466
338.8 96.2132720947
341.1 97.1988143921
343.4 97.6628723145
345.6 98.2166824341
347.9 98.5170288086
350.0 98.7279815674
352.4 98.7643356323
354.7 98.790512085
357.1 99.5009918213
359.7 99.8835449219
362.5 99.9643478394
