170.0
1.2 12.474445343
2.7 12.5934581757
4.2 13.238902092
5.7 14.0887851715
7.2 14.9393987656
8.7 15.7739486694
10.3 16.4763431549
11.9 17.2473716736
13.4 18.1731891632
14.9 19.089515686
16.5 20.0825061798
18.1 21.7669391632
19.7 23.099445343
21.2 24.4669971466
22.7 25.3555774689
24.2 26.3522205353
25.8 28.8091411591
27.4 31.7610988617
29.0 33.2206497192
30.5 36.2675247192
32.1 38.5484809875
33.6 39.8254966736
35.1 40.8834686279
36.6 42.45911026
38.1 45.5826530457
39.6 46.8969039917
41.1 47.980430603
42.7 48.801109314
44.1 49.7495613098
45.8 50.443195343
47.4 50.923625946
49.0 51.4281539917
50.6 51.8363037109
52.1 52.2203559875
53.5 52.6511383057
55.1 53.0337333679
56.7 53.4404220581
58.2 53.892375946
59.9 54.322429657
61.5 54.7495613098
63.0 55.0934562683
64.5 55.558555603
66.0 55.9776573181
67.6 56.3821563721
69.1 56.8070983887
70.6 57.1838493347
72.2 57.6160926819
73.8 58.00963974
75.4 58.5090522766
77.0 58.9347267151
78.5 59.3457946777
80.0 59.7846069336
81.5 59.921875
83.0 60.6790313721
84.5 61.0382575989
86.1 61.4566307068
87.7 61.9071273804
89.2 62.3488616943
90.7 62.7935180664
92.1 63.1826820374
93.7 63.5879096985
95.3 64.098274231
97.0 64.7342300415
98.5 65.324180603
100.0 65.8301696777
101.5 66.3507614136
103.2 66.95677948
104.7 67.6540603638
106.4 68.6850204468
107.9 71.1463165283
109.4 71.5048217773
111.0 71.5048217773
112.5 71.5048217773
114.0 71.5048217773
115.7 71.5186920166
117.3 71.7099914551
118.9 71.7114486694
120.6 71.7129058838
122.1 71.71509552
123.6 71.71509552
125.1 71.7245941162
126.7 72.1619415283
128.3 72.9818954468
129.9 73.8419952393
131.4 74.6276321411
132.8 75.4541473389
134.4 76.421585083
135.9 77.301399231
137.4 77.7913284302
139.0 78.4360427856
140.5 78.6974334717
142.1 79.0464401245
143.7 80.6111297607
145.2 83.2943954468
146.8 84.9109191895
148.3 88.1753768921
149.8 88.82447052
151.2 89.5969619751
152.8 90.3738327026
154.3 91.2361297607
155.9 92.0378189087
157.4 92.9556045532
159.0 93.7010803223
160.6 94.6086425781
162.2 95.5249710083
163.8 96.3054885864
165.3 97.1480712891
166.8 97.8891677856
168.3 98.785774231
169.9 99.4231872559
