240.3
1.3 12.5781898499
2.8 12.6322011948
4.4 13.016122818
5.9 13.5255861282
7.4 14.6123924255
9.0 15.999912262
10.7 17.3086051941
12.2 18.6472225189
13.7 19.7508163452
15.3 21.1434459686
16.8 22.5054187775
18.4 23.9301643372
20.0 25.3293628693
21.5 26.3446388245
23.1 27.1438694
24.6 28.1197319031
26.1 31.6640758514
27.7 35.3638877869
29.2 36.4266052246
30.7 37.777633667
32.3 39.1768302917
33.8 41.494228363
35.2 44.6524620056
36.9 45.8144493103
38.4 47.0793457031
40.0 47.836971283
41.7 48.4019050598
43.4 48.9515151978
45.0 49.4361610413
46.6 49.8675231934
48.1 50.3047294617
49.6 50.7120056152
51.1 51.0944709778
52.6 51.4995574951
54.3 51.9309234619
55.7 52.3622894287
57.4 52.720664978
58.9 53.1512985229
60.4 53.5330314636
62.0 54.008190155
63.5 54.4380950928
65.1 54.8658103943
66.7 55.2650604248
68.1 55.7489776611
69.6 56.1708526611
71.3 56.5211982727
72.9 56.9715423584
74.4 57.370059967
75.9 57.7831802368
77.4 58.1276855469
79.1 58.610874176
80.7 59.032749176
82.2 59.3582801819
83.7 59.7640991211
85.4 60.4297599792
87.0 60.8414154053
88.5 61.2800788879
90.0 61.6734924316
91.5 62.1260223389
93.0 62.5347595215
94.5 62.9106559753
96.0 63.349319458
97.5 63.7960090637
99.1 64.3375854492
100.7 64.8996047974
102.2 65.4214782715
103.8 66.0083084106
105.4 66.6440429688
106.9 67.1272277832
108.5 67.8906936646
110.1 70.2883758545
111.6 71.2445373535
113.3 71.5707931519
114.9 72.0656585693
116.6 72.2744064331
118.3 72.2919235229
119.9 72.7597885132
121.6 73.1656036377
123.3 73.5977020264
125.0 74.1071624756
126.5 74.5180892944
128.1 74.9151535034
129.9 75.5888366699
131.7 76.2654495239
133.3 76.4997406006
135.0 76.7252731323
136.8 77.1077423096
138.4 77.9281387329
140.0 79.8397140503
141.8 81.9512863159
143.6 82.3665924072
145.3 82.8512420654
147.1 83.3074188232
148.9 83.8117752075
150.5 84.2475204468
152.1 84.6752319336
153.7 85.0839767456
155.3 85.5438079834
156.9 85.9532699585
158.5 86.4109115601
160.4 86.91015625
162.2 87.3510131836
164.0 87.8458786011
165.8 88.3429336548
167.6 88.7888946533
169.4 89.2852172852
171.1 89.7114715576
172.8 90.1464920044
174.5 90.6479263306
176.3 91.1588439941
178.1 91.5960464478
179.8 92.1558761597
181.5 92.6368713379
183.1 93.0266342163
184.9 93.5813522339
186.7 93.9878997803
188.3 94.5104980469
190.1 94.9192352295
191.8 95.397315979
193.6 95.8067855835
195.4 96.3125991821
197.1 96.7468795776
198.7 97.1804351807
200.6 97.6424560547
202.3 98.2073898315
204.1 98.6679534912
205.8 99.1971206665
207.5 99.2657318115
209.1 99.2693786621
211.0 99.2737579346
212.8 99.2744903564
214.6 99.2825164795
216.4 99.2898178101
218.0 99.2920074463
219.8 99.2927398682
221.6 99.2934646606
223.1 99.2941970825
224.9 99.2941970825
226.6 99.2941970825
228.2 99.2941970825
229.7 99.2941970825
231.5 99.2941970825
233.2 99.2941970825
234.8 99.2941970825
236.5 99.2941970825
238.3 99.3036880493
240.1 99.4701004028
