209.9
1.2 9.52686882019
2.9 9.52759933472
4.7 10.0912675858
6.3 10.5037965775
7.9 10.9097547531
9.6 11.2908878326
11.4 11.8165884018
13.2 12.2765769958
15.0 12.7913255692
16.9 13.4265480042
18.6 14.2669391632
20.3 14.8495912552
22.0 15.3993864059
23.8 16.4493274689
25.4 18.3111858368
27.0 22.0925827026
28.6 23.1271896362
30.2 24.0340251923
31.7 24.7371501923
33.4 25.2234230042
34.9 25.677570343
36.4 26.1558113098
38.0 26.7939548492
39.8 28.7200641632
41.4 30.9301986694
43.2 31.7859230042
44.9 33.0278930664
46.4 33.7682533264
48.0 34.0646896362
49.7 34.113609314
51.5 34.113609314
53.1 34.113609314
54.9 34.113609314
56.7 34.1165313721
58.4 34.1165313721
60.1 34.1165313721
61.8 34.1165313721
63.5 34.1165313721
65.3 34.1165313721
66.9 34.1165313721
68.5 34.1165313721
70.0 34.1165313721
71.6 34.1179924011
73.3 34.126750946
75.1 34.3859519958
76.7 34.7882575989
78.4 35.1898345947
80.1 35.689250946
81.7 36.2010803223
83.3 36.6530380249
84.9 37.0779800415
86.6 37.4634933472
88.3 37.9811630249
90.0 38.490070343
91.7 39.0179595947
93.5 39.4443626404
95.1 40.1204719543
96.8 40.5366516113
98.6 40.97838974
100.2 41.4894866943
101.9 42.175819397
103.7 43.1432533264
105.1 46.2186050415
106.8 46.8998260498
108.3 47.5576820374
110.1 48.0089073181
111.7 48.5068626404
113.6 49.0530090332
115.1 49.4684562683
116.9 49.8999710083
118.5 50.4132575989
120.3 50.8951530457
121.9 51.4391059875
123.7 52.4437789917
125.4 53.4725456238
127.2 54.3684272766
128.8 55.326374054
130.5 56.2792053223
132.2 57.2356910706
133.9 58.3119163513
135.6 59.154499054
137.4 59.7904510498
139.2 60.7330589294
141.0 61.6953849792
142.8 63.8558692932
144.4 66.9100494385
145.9 67.6153640747
147.6 68.4834976196
149.1 69.4334106445
150.8 70.249710083
152.3 71.1193084717
153.9 71.8457946777
155.6 72.9636383057
157.1 73.828125
158.7 74.7013702393
160.4 75.535194397
162.2 76.5106582642
164.0 77.5503768921
165.8 78.5054016113
167.5 79.5290603638
169.1 80.3665313721
171.0 81.4595489502
172.7 82.5211715698
174.4 83.6236877441
176.0 84.660484314
177.6 85.7878189087
179.2 86.9553146362
180.9 90.3051986694
182.6 91.1638412476
184.3 91.6026611328
186.0 92.0852813721
187.6 92.4824752808
189.4 93.0103683472
191.3 93.7215270996
193.1 94.1639862061
194.7 94.6444244385
196.3 95.027015686
197.9 95.5344619751
199.8 95.922164917
201.5 96.469039917
203.1 97.3758773804
204.8 98.218460083
206.5 98.83177948
208.2 99.2581787109
209.7 99.4392547607
