177.8
0.9 9.41953849792
2.6 9.41953849792
4.4 9.41953849792
6.1 9.87222576141
7.7 10.7330608368
9.3 11.5208816528
10.9 12.4204149246
12.6 13.2754087448
14.3 14.0719919205
15.9 14.9627628326
17.5 16.0900993347
19.3 17.1130256653
20.9 18.1644268036
22.5 18.8230133057
24.0 19.6254386902
25.7 21.1667633057
27.3 24.2245903015
29.0 25.0949172974
30.7 25.9126758575
32.2 26.3412666321
34.1 26.8509044647
35.8 27.4226055145
37.5 28.0176696777
39.3 29.0734519958
41.2 30.1693916321
42.7 31.015625
44.4 31.9188079834
46.1 32.8424339294
47.7 33.7543792725
49.4 34.6685180664
51.1 35.5651283264
52.9 36.5442466736
54.7 37.4890480042
56.3 38.3798179626
58.1 39.3844909668
59.8 40.0912666321
61.4 41.2390480042
63.1 42.1677856445
64.8 42.9001159668
66.6 43.9047889709
68.4 44.9503517151
70.0 45.9696273804
71.6 46.8253517151
73.3 47.8577690125
74.9 50.5665893555
76.5 52.5043792725
78.3 53.4097557068
80.1 54.3268089294
81.7 55.4563369751
83.2 56.2259063721
84.9 57.2152442932
86.5 58.3228683472
88.1 59.2873840332
89.8 60.2708816528
91.4 61.2675247192
93.1 62.1750869751
95.0 62.9964942932
96.9 63.4535636902
98.7 63.5389900208
100.5 64.1355133057
102.1 64.5889282227
103.7 65.0299377441
105.5 65.4614486694
107.2 65.9601364136
108.7 66.4522476196
110.5 66.8457946777
112.2 67.386100769
113.8 67.8212585449
115.6 68.2702941895
117.3 68.761680603
119.0 69.3173217773
120.7 69.7999420166
122.2 70.2540893555
124.0 70.6702651978
125.7 71.1879348755
127.3 71.7333526611
129.1 72.8920822144
130.8 76.027305603
132.5 76.5486297607
134.1 76.5486297607
135.8 76.5486297607
137.5 76.5851364136
139.2 77.0779800415
140.8 77.5226364136
142.3 77.8541183472
143.9 78.3776321411
145.7 78.7375869751
147.4 79.6232452393
149.1 80.5227813721
150.7 81.3843460083
152.5 82.3561630249
154.1 83.3520736694
155.8 84.4735717773
157.6 85.6666183472
159.2 86.3741226196
160.7 87.1122970581
162.3 88.9975204468
163.9 90.5037994385
165.7 91.1185760498
167.4 92.3364486694
169.3 95.3073883057
170.9 96.1777191162
172.4 97.0013122559
174.0 97.9096069336
175.8 98.7083816528
177.6 99.5232162476
