185.7
1.1 9.62251758575
2.7 9.62251758575
4.3 9.62981891632
5.8 10.0233640671
7.4 10.6512851715
8.9 13.177570343
10.4 14.5889310837
12.0 15.6096668243
13.5 16.3471088409
15.1 17.3211154938
16.6 18.3462333679
18.1 18.8208236694
19.6 19.4363327026
21.1 20.7009353638
22.6 23.5419101715
24.4 24.2705898285
26.0 25.2774524689
27.6 26.1850166321
29.0 27.0852794647
30.6 28.3177566528
32.2 29.7313079834
33.7 31.1149234772
35.2 32.5620613098
36.9 33.6470489502
38.4 34.5626449585
40.0 35.8031539917
41.5 36.900554657
43.0 38.7419700623
44.7 43.410484314
46.3 45.4935760498
48.0 46.783000946
49.7 48.1790313721
51.3 48.6543502808
52.9 49.1318626404
54.5 49.582359314
56.0 49.9583816528
57.5 50.3745613098
59.0 50.7790603638
60.5 51.185749054
62.1 51.6413536072
63.6 52.0495033264
65.2 52.4810180664
66.7 52.865070343
68.2 53.2958526611
69.8 53.7251739502
71.3 54.0807533264
72.9 54.5349006653
74.5 54.9642219543
76.1 55.338054657
77.7 55.82213974
79.3 56.2667922974
80.8 56.6398963928
82.3 57.0465812683
83.8 57.4437789917
85.4 57.8738327026
86.9 58.2702980042
88.4 58.6872062683
90.0 59.1026573181
91.5 59.4954719543
93.1 59.8203849792
94.6 60.533000946
96.2 60.9659767151
97.7 61.4040603638
99.3 61.7990646362
100.9 62.2510223389
102.4 62.6591720581
103.9 63.08776474
105.4 63.47838974
106.9 63.933265686
108.5 64.68384552
110.0 65.7367095947
111.5 66.5698013306
113.0 67.5306625366
114.5 68.4754638672
115.9 69.4209976196
117.5 70.5008773804
119.0 72.7205047607
120.5 75.1672058105
122.1 75.7644577026
123.8 76.0207366943
125.2 76.3273925781
126.8 76.9538574219
128.4 78.3162994385
130.0 81.4274215698
131.6 81.7713165283
133.1 82.1254348755
134.6 82.5146026611
136.1 82.97240448
137.6 83.4053726196
139.2 83.7697143555
140.7 84.1508483887
142.1 84.6780090332
143.7 85.0642547607
145.3 85.4745941162
146.8 85.8849334717
148.3 86.2682571411
150.0 86.2689819336
151.6 86.2689819336
153.3 86.2689819336
155.2 86.3288574219
156.7 86.7625579834
158.3 87.175819397
159.9 87.6343460083
161.5 88.0388412476
163.1 88.6667633057
164.9 88.7631454468
166.7 88.8069534302
168.2 88.969039917
169.8 89.53490448
171.6 90.8411178589
173.1 93.4674377441
174.7 93.9091720581
176.3 94.7524795532
177.8 95.5914154053
179.4 96.4120941162
181.0 97.250289917
182.4 98.1176986694
184.0 98.9310760498
185.6 99.4180755615
