178.2
1.1 9.77876758575
3.1 9.78606891632
5.2 10.0912675858
7.0 10.8323602676
9.0 11.7771615982
11.0 12.8402452469
12.9 13.9135513306
14.8 15.0459985733
16.6 16.1134643555
18.6 17.4101924896
20.7 17.9731311798
22.8 18.2418231964
24.9 19.0332946777
26.8 21.6333236694
28.8 27.0662975311
30.6 28.9230422974
32.4 30.3249130249
34.2 31.6990356445
36.5 33.3199462891
38.3 35.1175537109
40.4 36.314250946
42.2 37.3890190125
44.3 38.1074752808
46.2 39.323890686
48.3 39.9408569336
50.4 40.5833816528
52.1 41.1506996155
53.9 41.704875946
55.8 42.3766059875
57.7 44.5020446777
59.8 46.7822723389
61.7 47.5613327026
64.0 48.0315437317
66.0 48.6740646362
67.9 49.3260803223
70.0 49.8795280457
71.9 50.3913536072
73.8 50.9396896362
75.7 51.4398345947
77.6 51.9677276611
79.6 52.4700660706
81.6 53.0680503845
83.4 53.59375
85.5 54.1179924011
87.5 54.5940437317
89.5 55.1781539917
91.7 55.7374420166
93.7 56.3697433472
95.8 56.863319397
97.9 57.410194397
99.9 57.9410057068
102.0 58.644859314
104.2 59.660484314
106.1 60.8615646362
108.0 62.1334686279
109.9 63.1739196777
111.9 64.1858901978
113.9 65.4848098755
115.9 66.5997390747
117.9 67.3444824219
119.8 68.3433151245
121.7 69.8641967773
123.7 74.1961135864
125.9 75.4256744385
127.9 76.7077941895
130.0 78.2199172974
131.9 79.5268707275
133.9 82.5584106445
135.7 84.0668792725
137.9 85.0941848755
139.8 85.910484314
141.6 86.3617095947
143.4 86.8151321411
145.5 87.3517837524
147.2 88.0702362061
149.2 88.5221939087
151.3 88.9602813721
153.5 89.5597229004
155.4 90.2015151978
157.2 90.6542053223
159.2 91.2178726196
161.0 91.8947143555
163.1 93.1184310913
165.2 94.1807861328
167.4 95.4913864136
169.4 96.0908279419
171.6 96.734085083
173.7 97.5971069336
175.8 99.2603683472
177.9 99.4545822144
