108.1
2.1 12.9650993347
4.3 14.3238897324
6.3 16.1572723389
8.2 17.8424358368
10.1 19.5874710083
11.9 21.3507595062
13.9 22.8008174896
15.8 24.108499527
17.5 25.6308403015
19.4 27.3934001923
21.5 30.8790893555
23.6 33.7288246155
25.5 35.3424339294
27.2 36.8414154053
29.2 39.1610679626
31.2 43.1790313721
33.2 45.2657699585
35.2 46.6610679626
37.2 48.2228393555
39.2 49.7714653015
41.3 51.4719619751
43.4 53.2162666321
45.5 54.9832077026
47.4 56.7669410706
49.6 58.5075950623
51.6 60.2884063721
53.7 62.1539154053
55.8 63.5185470581
57.8 64.9795532227
59.9 68.4966430664
62.2 70.8177566528
64.2 72.8570404053
66.3 74.6882324219
68.3 76.3478393555
70.1 78.1848678589
72.2 80.1190109253
74.2 82.5803146362
76.5 85.3804016113
78.7 86.0492095947
80.8 87.0129928589
82.9 90.4242095947
85.0 92.5825042725
87.3 94.21875
89.4 94.8065109253
91.4 95.4826202393
93.5 95.9842300415
95.6 96.6201782227
97.6 97.4401321411
99.9 97.9358901978
101.8 98.2191848755
103.9 98.6039733887
105.8 99.2056045532
107.8 99.5115356445
