136.2
1.0 13.1885223389
2.7 13.1885223389
4.7 13.9084405899
6.7 15.0759344101
8.7 16.7245903015
10.7 18.3958816528
12.5 19.8138141632
14.1 21.511390686
16.1 23.0351924896
18.1 24.9846668243
19.9 26.4690418243
21.8 27.2050228119
23.5 28.4791183472
25.2 34.3764610291
27.2 35.8922309875
29.3 37.5810470581
31.3 40.0971069336
33.1 44.4034767151
35.1 45.9805793762
37.0 47.4226036072
39.0 48.3440437317
40.8 48.8215522766
42.6 49.3662376404
44.7 49.8262252808
46.4 50.4950332642
48.5 51.2295570374
50.4 52.3751449585
52.4 53.6032409668
54.3 54.6356582642
56.3 55.6797599792
58.1 56.8728103638
60.1 57.8709106445
61.9 58.8295860291
63.9 59.4823303223
65.9 60.6308403015
67.7 62.6730422974
69.7 66.144859314
71.5 67.1166763306
73.6 68.082649231
75.3 69.1712875366
77.1 70.0876159668
79.1 71.0995941162
81.1 72.1028060913
82.9 73.3776321411
85.0 74.3406829834
87.1 75.4818954468
89.1 76.6304016113
91.0 77.6737747192
92.8 78.6426696777
94.9 79.5575332642
96.7 80.6980133057
98.7 81.9246520996
100.5 83.0957946777
102.5 84.1070404053
104.5 85.4848098755
106.2 86.7691268921
108.2 89.4436340332
110.2 91.5332946777
112.1 92.5635223389
114.2 93.1111297607
116.4 93.7091140747
118.2 94.2822723389
120.2 94.9415893555
122.0 95.4680175781
124.1 95.9506454468
126.0 96.5077362061
128.1 97.0385513306
130.1 97.5248260498
132.0 98.2257614136
133.9 99.0391387939
135.9 99.4458236694
