130.8
0.7 13.1585865021
2.7 13.1585865021
4.8 13.8427276611
6.6 15.3869743347
8.5 16.7063369751
10.4 18.3995323181
12.4 19.7313079834
14.3 21.6282119751
16.4 23.3666763306
18.2 25.3658008575
20.0 26.8202400208
22.0 27.6328849792
24.1 28.9580898285
26.1 35.5110969543
28.3 37.0224876404
30.3 39.49401474
32.3 43.6565437317
34.1 45.3329429626
36.0 46.8180503845
37.8 48.5623550415
39.8 49.6488037109
41.6 50.6549339294
43.4 51.4799957275
45.1 52.4788246155
47.1 53.5871772766
49.1 54.8269577026
51.1 55.9564819336
52.8 56.6961174011
54.8 57.4328269958
56.5 58.6397476196
58.2 60.4373550415
59.9 63.8602523804
61.8 64.8218460083
63.7 65.8053436279
65.8 66.7961425781
67.8 67.9563369751
69.6 69.0289154053
71.6 69.9518127441
73.6 71.1017837524
75.6 72.2115936279
77.4 73.2746810913
79.3 74.2903060913
81.0 75.078125
82.8 76.277015686
84.8 77.2283859253
86.7 78.1454467773
88.6 79.2749710083
90.3 80.2409439087
92.0 81.1616516113
94.0 82.1663284302
95.9 83.4090270996
97.7 84.6378479004
99.4 85.738899231
101.2 86.8260803223
103.0 88.0424957275
104.8 89.269859314
106.6 91.2726364136
108.2 93.8120651245
110.2 94.6553726196
112.0 95.3015441895
113.9 95.7863616943
115.6 96.4778060913
117.4 96.9706497192
119.2 97.457649231
121.2 97.9607162476
123.1 98.6645736694
124.8 99.1223678589
126.8 99.1734848022
128.6 99.3823013306
130.6 99.4560470581
