183.0
1.8 4.64104890823
4.3 4.64104890823
6.7 5.01239013672
9.2 6.2760014534
12.0 7.03349971771
14.8 8.01394557953
17.6 9.13537693024
20.0 10.7521696091
22.5 11.46808815
25.3 12.4724302292
27.7 13.722899437
30.3 15.3267869949
33.3 16.7949466705
36.0 18.4604873657
38.6 19.9078578949
41.1 21.1114902496
43.5 22.8747634888
46.2 24.4019470215
48.6 25.8431053162
51.0 26.7881851196
53.5 28.3500175476
56.0 29.7699069977
58.3 31.2939834595
60.7 32.4457626343
63.0 34.3765449524
65.4 35.8263053894
68.3 37.6273345947
70.5 39.8637466431
73.3 41.4098052979
76.0 43.7396507263
78.8 45.6792755127
81.2 47.3029975891
83.9 48.3513069153
86.8 49.93775177
89.4 51.9772605896
92.1 54.0382766724
94.7 56.1745643616
97.4 57.9851493835
99.8 60.1723365784
102.4 62.1246261597
104.9 64.7469558716
107.2 66.5897979736
109.8 67.7086029053
112.3 68.978187561
114.9 70.3304519653
117.5 71.8707809448
120.2 73.3095474243
123.0 74.5886917114
125.9 76.1486129761
128.7 77.7460479736
131.6 79.7148284912
134.1 81.770111084
136.9 82.9233169556
139.5 84.7683181763
142.4 86.1105499268
145.0 87.0608825684
147.6 87.7629470825
150.0 88.9290618896
152.6 89.3816452026
155.3 90.2894515991
158.3 91.4763565063
161.1 93.0921936035
163.8 94.4877090454
166.2 96.6639022827
168.7 98.6154785156
171.2 99.6633071899
173.8 99.9985656738
176.6 100.0
179.3 100.0
182.4 100.0
