187.8
1.7 4.09144449234
4.4 4.09144449234
6.9 4.60496616364
9.4 5.20618534088
12.2 5.83894681931
15.4 6.60456943512
17.7 7.49564504623
20.1 8.20893573761
22.8 9.27014923096
25.6 10.5975627899
28.4 12.8972978592
31.2 14.4161176682
33.7 15.7578687668
36.2 17.2790775299
38.9 18.7407855988
41.5 20.7332191467
44.1 22.422416687
46.7 23.6716899872
49.3 25.1895542145
52.2 27.0718288422
54.9 28.2890815735
57.5 30.1013431549
60.2 32.1881637573
63.0 34.3363990784
65.8 36.3505821228
68.6 38.9755363464
71.7 40.9808769226
74.1 43.3078536987
76.6 44.9320526123
79.1 46.1717681885
81.5 48.1885757446
83.9 50.3910560608
87.0 52.5720291138
90.0 56.1623764038
92.7 58.4112129211
95.3 59.9355278015
97.9 60.9979362488
101.0 62.2225990295
103.5 64.0028381348
106.1 65.7264480591
108.9 68.3635864258
112.2 70.4764556885
115.0 73.1733398438
117.7 75.4945831299
120.2 76.5902099609
123.3 77.5935974121
126.2 79.0041656494
129.2 80.0921401978
131.9 80.8355407715
134.8 81.6850357056
137.5 83.1481781006
140.1 84.8794326782
142.4 86.644859314
145.3 88.4986953735
148.0 89.2604980469
150.4 90.0215759277
152.8 90.5133514404
155.4 91.0154037476
158.2 91.3375244141
160.9 92.2976531982
163.2 93.1368789673
165.8 94.004776001
168.4 94.7068328857
170.8 95.3317108154
173.1 96.033531189
175.6 96.677520752
177.8 97.7122116089
180.2 98.2940750122
182.4 99.0847930908
185.0 99.8516082764
187.4 99.9971313477
