196.5
1.3 5.37656259537
3.7 5.37656259537
6.6 5.55291366577
9.1 6.04755735397
11.9 6.68055820465
14.7 7.51428365707
16.9 8.32698059082
19.3 9.23597812653
22.0 10.6326904297
24.8 12.1897420883
27.1 14.5372695923
29.7 15.7913227081
31.8 17.1846885681
34.0 18.1022891998
36.5 19.7114334106
39.4 21.3977622986
41.9 22.765083313
44.7 23.7144641876
47.3 24.8724555969
50.1 25.5675849915
52.8 26.6065769196
55.5 28.0704345703
57.9 29.725938797
60.7 30.9028091431
63.7 33.919418335
66.4 36.9221687317
68.8 39.6936073303
71.3 42.2655143738
74.2 44.5351409912
76.8 46.6867218018
79.7 48.1484298706
82.2 50.1246185303
85.1 51.788482666
88.0 53.5151977539
90.9 55.7260398865
93.7 58.5079917908
96.2 59.5555839539
98.7 61.0330657959
101.1 62.3265457153
103.7 62.9411468506
105.9 64.0671157837
108.5 64.8334579468
111.2 68.089263916
113.7 69.5454788208
116.2 70.6324996948
119.0 71.5859451294
121.6 72.8495559692
124.8 74.0582046509
127.2 75.9844512939
130.0 77.1393356323
132.5 78.9212493896
135.2 80.2101898193
137.9 81.3139343262
140.7 82.4344100952
143.2 83.4346923828
146.0 84.6321105957
148.6 85.846496582
151.4 86.4959869385
153.9 87.0699615479
156.7 87.547164917
158.9 88.2874603271
161.3 88.7675247192
163.9 89.4413833618
166.6 90.6660461426
169.3 91.3650054932
171.6 92.2548828125
173.9 93.4730911255
176.6 94.4274902344
179.3 95.7059173584
182.2 96.6897125244
185.0 97.4861602783
188.3 98.2018356323
191.3 99.4176559448
193.8 99.9646377563
196.2 100.0
