326.6
1.8 5.49609994888
4.7 5.49609994888
7.4 5.65453147888
10.2 6.18813991547
12.7 6.39979219437
15.7 7.3918337822
18.8 9.49921894073
21.8 10.5458860397
24.8 11.8936080933
27.3 14.2985363007
30.3 15.3831424713
33.1 15.8454399109
35.8 16.1524658203
38.4 16.8852558136
41.0 17.4866638184
43.8 18.3288803101
47.0 19.2071037292
49.5 20.6435279846
52.2 22.3848686218
55.6 23.6001548767
58.4 25.825925827
61.3 27.5669155121
64.2 29.1094284058
67.6 29.7101325989
70.5 31.1182765961
73.5 32.1194534302
76.3 33.6324577332
78.8 34.5085716248
81.9 35.7993850708
84.7 37.1379737854
87.8 37.5291366577
90.6 37.7529067993
93.5 38.0443000793
96.3 38.2758026123
99.1 38.6012687683
101.4 39.2404403687
103.9 39.7578926086
106.6 40.5767478943
109.3 41.22838974
112.0 42.561706543
115.0 43.4155158997
117.9 45.6138877869
120.7 47.0480270386
123.6 50.006061554
126.5 52.6988677979
129.5 54.5656204224
132.2 55.9168586731
134.9 56.7192001343
137.7 57.6153411865
140.4 58.4577331543
143.0 59.1870117188
145.6 59.7495994568
148.7 60.0882453918
151.5 60.3943939209
154.4 60.5955047607
157.1 60.9617271423
160.1 61.8273010254
163.0 62.291179657
165.6 62.6540641785
168.4 63.4520149231
171.0 64.4693527222
173.8 66.5549545288
176.3 68.2815475464
179.2 69.4274520874
181.9 69.9675598145
185.0 70.4714813232
188.5 70.5254058838
191.1 70.7430267334
193.9 70.7430267334
196.9 70.7430267334
200.0 70.7430267334
202.3 70.7430267334
204.9 70.7430267334
207.7 70.7430267334
210.7 70.7430267334
213.4 70.7430267334
216.2 70.7430267334
218.8 70.7430267334
221.4 70.7890472412
224.4 70.9355392456
226.8 72.6642303467
229.6 74.0265350342
232.3 74.5308074951
235.0 74.7812805176
237.6 75.879234314
240.2 76.4460372925
243.1 77.4465103149
246.2 78.2558822632
248.8 78.9106826782
251.3 79.473449707
254.0 80.0114517212
256.6 80.5478744507
259.3 81.5290222168
262.2 82.4478225708
264.8 83.2780914307
267.9 85.5795669556
270.7 86.6332626343
273.7 87.2892913818
276.7 88.3753051758
279.6 89.4216156006
282.4 91.2583389282
285.7 92.3030700684
288.5 93.9627380371
291.1 95.07421875
293.9 95.7140960693
296.9 95.8338851929
299.5 96.4117507935
301.9 97.153503418
304.6 97.6031494141
307.6 98.022064209
310.1 98.4954299927
312.7 98.9376983643
315.3 99.4988861084
318.3 99.8991775513
321.6 99.9998245239
324.7 100.0
