354.2
1.6 5.97567892075
4.5 5.97567892075
7.3 5.97567892075
9.9 6.41269922256
12.7 7.22323036194
15.4 7.99605894089
18.2 8.85887145996
21.0 9.73609542847
23.7 10.5861730576
27.0 10.9110898972
30.3 10.9466142654
32.8 11.3315200806
35.2 11.7936754227
37.8 12.0074939728
40.3 12.2318687439
43.0 12.2714147568
46.0 12.7518348694
48.8 13.5660533905
51.6 14.3725633621
54.2 15.2955331802
57.5 16.4842681885
60.6 17.5181694031
63.7 18.8816776276
67.2 20.6039524078
70.4 22.4470443726
73.6 24.0334205627
76.2 25.2454471588
79.2 26.2967739105
82.5 27.220582962
85.5 28.3508358002
88.8 29.735124588
91.6 30.9541873932
94.4 32.260723114
97.9 34.2080421448
101.0 35.8446922302
104.1 37.4701080322
107.6 39.7257575989
110.8 41.5303077698
113.4 42.7108306885
116.4 44.4920883179
119.5 46.2994880676
122.4 48.0594673157
125.0 48.5001716614
128.2 49.7653198242
131.2 50.9012718201
134.4 52.0207977295
137.4 53.5510406494
140.1 55.4522781372
143.0 57.3969154358
146.0 58.5285110474
149.0 58.8031539917
152.0 58.9846305847
154.9 59.9803276062
157.5 60.7960548401
160.1 61.3381385803
162.7 61.7553863525
165.4 62.5623970032
168.0 63.1219100952
170.9 63.6824302673
173.7 64.4767074585
176.8 65.3370056152
179.8 66.2510986328
182.7 67.2719268799
185.9 68.0868148804
188.9 68.8477478027
191.7 69.4987487793
194.4 70.3300628662
197.0 71.9087295532
200.0 73.4714736938
203.0 75.0920410156
206.2 76.5693283081
209.3 77.1930160522
212.5 77.9013290405
215.4 78.2233963013
217.9 78.6568984985
221.0 78.965057373
223.8 79.2757339478
227.1 79.6577911377
230.1 80.7047653198
233.2 81.6459960938
236.5 82.9074554443
239.7 84.9231414795
242.5 86.3199996948
246.0 87.0764083862
249.6 87.4946594238
253.3 87.9754104614
256.5 88.2153701782
259.2 88.65675354
262.4 89.7715835571
265.4 90.5564804077
268.0 91.1421356201
270.6 91.6029510498
273.0 92.4857025146
276.0 93.4808959961
279.0 94.339515686
281.8 94.9928665161
284.7 95.7105712891
287.2 96.450553894
289.9 97.261756897
292.5 97.9008636475
295.3 98.6167144775
297.9 99.0911026001
301.0 99.3200073242
303.7 99.393737793
306.7 99.4079818726
309.6 99.4463500977
312.4 99.4875717163
314.9 99.4897537231
317.9 99.4897537231
320.4 99.4897537231
323.2 99.4897537231
325.7 99.4897537231
329.0 99.4897537231
331.9 99.4897537231
335.0 99.4897537231
337.8 99.5311431885
340.7 99.5319824219
343.6 99.5334854126
346.1 99.5417022705
348.8 99.7064208984
351.4 99.9276123047
353.9 99.9993286133
