316.2
0.8 6.51240253448
3.3 6.51240253448
5.9 6.53452157974
8.5 6.96299552917
11.2 7.75760793686
13.9 8.52339839935
16.5 9.20004177094
18.9 9.72754955292
21.3 10.3628034592
24.2 11.4853487015
27.4 12.3662586212
29.8 13.1550064087
32.7 14.0166463852
35.5 14.6963062286
38.4 16.3228988647
41.2 17.5877094269
44.3 19.7019290924
47.4 20.9186477661
50.5 22.454416275
53.1 24.3893356323
56.2 26.987159729
59.5 29.8770542145
62.4 32.11460495
65.1 34.8595504761
68.0 35.6144523621
70.9 36.1645812988
74.0 37.6805763245
76.9 39.3659858704
79.7 40.2172355652
82.4 40.7380409241
85.7 41.4104957581
88.8 42.3624534607
92.1 43.3668632507
95.3 44.793712616
98.2 46.2606124878
101.5 48.0386886597
104.8 49.6389732361
108.0 50.2447357178
111.0 50.4374389648
113.7 50.5528945923
117.3 50.8114547729
120.3 51.888420105
123.7 52.42162323
127.0 53.7184410095
130.6 54.7860221863
134.1 55.9266662598
137.2 56.7680282593
140.6 56.8328781128
143.8 56.8328781128
146.8 56.835559845
150.0 56.9314079285
152.7 57.1298103333
155.7 57.5914649963
158.5 58.3254165649
161.1 59.0848388672
163.8 59.9124603271
166.9 61.018081665
169.9 62.2840652466
172.9 63.9580802917
175.8 64.9197616577
179.1 66.7161026001
181.9 68.3606185913
185.0 70.1993560791
187.7 71.6439666748
191.1 73.4646072388
193.8 74.9351959229
196.8 76.1194000244
199.7 77.0623168945
202.2 77.8983154297
205.4 79.3915252686
208.4 81.2230529785
211.2 81.9151153564
214.3 82.3249893188
217.5 83.1304931641
220.8 83.1889724731
223.6 83.1918182373
226.4 83.394241333
229.2 84.0298309326
232.3 85.3335189819
235.1 86.2078933716
238.0 87.0227813721
241.0 87.5779418945
244.1 88.5603942871
246.7 89.2966995239
249.8 90.3141784668
252.3 91.3137207031
255.3 92.0691223145
257.9 92.6006546021
260.8 93.0601272583
263.7 93.5598220825
266.8 93.9395294189
269.4 94.3601303101
272.2 94.3693466187
274.6 94.4028625488
277.1 94.4713973999
279.8 94.5605392456
282.3 94.7653121948
285.3 95.1949615479
287.9 95.5103225708
291.0 95.9887313843
293.6 96.4629516602
296.0 97.0770950317
298.4 97.7827301025
301.0 98.4065856934
303.2 99.0359725952
305.5 99.399597168
308.1 99.6673736572
310.5 99.8245544434
313.2 99.958442688
315.7 100.0
