309.7
0.1 3.89193630219
2.7 3.89193630219
5.5 4.43169260025
9.4 4.68813419342
12.2 5.17906093597
15.3 5.62238836288
17.8 6.02391242981
20.6 6.44756746292
23.1 7.1552400589
25.9 7.9797167778
28.7 10.3217639923
31.4 11.0726451874
34.4 12.9202518463
37.0 14.504743576
39.8 15.4509410858
42.7 15.7816810608
45.5 16.5755939484
48.0 16.837305069
50.6 17.0124225616
53.3 17.3073310852
55.8 17.7643585205
58.6 18.159910202
61.7 19.0818691254
64.6 20.707988739
67.4 22.3769645691
70.2 25.3167304993
73.2 26.7803783417
76.2 27.513343811
79.5 27.6445503235
82.3 27.840921402
84.8 28.2071418762
87.5 28.8169803619
90.2 30.119562149
92.9 33.0097961426
96.1 33.677772522
98.8 34.5038299561
101.7 34.9021911621
104.4 35.5216903687
107.4 36.5658988953
110.3 37.6122131348
113.6 37.8215827942
116.7 38.7182502747
119.6 40.281665802
122.3 41.9471282959
125.6 43.8693847656
128.7 44.8111915588
131.6 46.1903533936
134.6 48.0063438416
137.2 49.2558822632
140.4 50.4578170776
143.4 53.2344093323
146.1 55.3807907104
148.9 56.4478302002
151.9 57.940284729
154.3 59.0243644714
157.5 60.022026062
160.2 61.3265380859
162.6 62.1761322021
165.4 62.9187583923
168.1 63.7560577393
170.6 64.2555923462
173.6 64.4795379639
176.3 64.8724517822
179.0 65.4882659912
181.4 65.6315917969
184.4 65.8500976562
187.5 66.1713485718
190.3 66.3570022583
193.1 67.1403808594
196.1 68.6393356323
198.9 69.3772201538
201.9 70.2858276367
205.3 71.6567306519
208.2 73.2847824097
211.0 74.1767120361
213.5 75.0905914307
216.4 76.0914154053
219.2 78.4424209595
222.3 79.2414245605
225.4 79.8359832764
228.0 80.3934783936
230.8 80.6964645386
233.3 81.6136856079
235.7 83.0339431763
238.3 83.3130493164
240.7 83.556312561
243.3 84.4131088257
246.1 85.569732666
249.0 86.3422164917
251.6 87.2501220703
254.0 87.9147644043
257.1 88.9261245728
259.9 89.7720336914
262.5 90.7252578735
265.3 91.1034164429
268.2 91.8941726685
270.9 92.9373245239
274.1 94.1427764893
276.7 95.8142089844
279.4 96.5728225708
282.3 97.3228225708
285.2 97.7557907104
287.9 97.9720077515
290.6 98.1455459595
293.1 98.1891021729
295.7 98.1929702759
298.2 98.1940231323
300.9 98.5168533325
303.6 99.5819625854
306.1 99.7563781738
309.4 99.9736557007
