306.9
1.7 7.75489139557
4.5 7.75489139557
7.1 7.98358058929
9.8 8.61326694489
12.6 9.68136310577
15.3 10.1239871979
18.5 10.4482278824
21.2 11.1553735733
23.8 11.5623426437
26.7 11.8091230392
29.4 12.1024503708
32.3 12.5067844391
34.9 12.9230623245
37.6 13.827457428
40.3 14.3368272781
42.8 16.2236022949
45.4 17.7594413757
47.9 18.5830383301
50.7 19.9887237549
53.4 22.8879165649
56.4 24.0580615997
59.2 25.3657360077
61.7 26.1311969757
64.1 26.4217128754
67.1 26.8704853058
69.9 26.9595375061
73.5 27.2354755402
76.5 28.3353614807
79.5 28.5559711456
82.3 29.4129428864
85.1 31.8998966217
88.0 33.2527122498
90.9 33.9702224731
93.6 35.1540679932
96.4 36.4273147583
99.1 38.2043151855
102.1 39.2318344116
104.8 41.60338974
107.4 42.692035675
110.6 43.7701454163
113.4 44.6239547729
116.4 45.2613677979
119.4 45.8455619812
122.1 46.4817466736
125.6 47.4376068115
128.7 49.0962181091
131.6 51.3156661987
134.0 53.04945755
136.7 55.0439033508
140.5 56.805267334
143.2 57.8067932129
146.3 58.4586105347
148.9 59.6979598999
151.9 60.8514213562
154.4 62.2521858215
157.3 63.0633163452
159.9 63.5389595032
162.7 63.5528373718
165.4 63.5528373718
168.3 63.5528373718
171.1 63.5528373718
173.8 63.5528373718
176.5 63.5528373718
179.2 63.6352157593
181.7 63.809627533
184.4 64.1517868042
187.1 64.5865097046
190.4 64.91355896
193.3 65.3405456543
196.3 65.6718139648
199.2 65.9136810303
201.9 66.1218185425
204.6 66.4483413696
207.3 67.3515090942
210.0 68.23412323
212.9 68.7060775757
215.6 69.3552627563
218.4 69.8913269043
220.8 70.9162139893
223.3 72.5815048218
225.8 75.0305175781
228.4 76.3919372559
231.1 77.9901351929
233.5 79.3612136841
236.4 80.7900848389
239.1 82.6496353149
241.6 84.1928482056
244.9 86.0810317993
247.6 87.5747146606
250.1 89.250541687
253.1 90.241355896
255.9 91.4262542725
258.9 92.3139648438
261.9 93.9745101929
264.8 95.2250976562
268.1 96.0580062866
270.6 96.8654403687
273.7 97.378326416
276.8 97.4450683594
279.5 97.4554367065
282.7 97.4554367065
285.3 97.4554367065
288.3 97.4554367065
291.5 97.4793243408
294.6 97.8318405151
297.5 98.5012207031
300.4 99.6283340454
303.7 99.898651123
306.6 100.0
