333.8
0.6 5.1355009079
3.9 5.1355009079
7.3 5.32642698288
11.3 5.89797496796
14.4 6.41331672668
17.2 6.99856519699
20.8 8.20524406433
24.4 10.5861091614
27.8 12.5148639679
31.1 15.3097229004
35.0 15.7490110397
38.3 15.9959669113
41.7 16.3124790192
44.8 16.6368942261
48.0 16.693277359
51.1 17.113243103
53.9 17.5318050385
57.3 18.0139503479
60.1 20.2687015533
63.4 22.4630317688
67.2 24.4569511414
70.6 25.6098823547
73.9 26.4756355286
77.1 26.8657417297
80.3 27.3482379913
84.0 28.2705497742
86.8 29.3658695221
89.9 30.6522922516
93.7 32.0662307739
96.9 34.3554115295
100.1 36.0228042603
103.5 39.833770752
107.0 41.7551460266
110.2 43.2526931763
114.1 44.6785774231
117.6 45.4528198242
121.2 45.5164031982
124.5 47.5842704773
128.0 49.035446167
131.2 51.1191215515
134.6 52.4587631226
138.3 53.8914985657
141.9 57.5770492554
145.8 59.6751289368
149.1 60.9754257202
152.3 62.9312286377
156.0 63.7799453735
159.4 65.7921295166
163.5 66.182762146
167.3 66.2507400513
170.8 66.3591156006
174.1 66.832824707
176.9 67.4714736938
180.4 67.8896789551
184.1 68.9154434204
187.4 70.2208404541
190.7 70.3757553101
193.9 70.3757553101
197.0 70.5524520874
200.1 72.1406326294
203.2 73.2096099854
206.7 73.9234313965
209.7 75.6328048706
212.6 76.3037643433
216.1 78.3010253906
219.3 79.0541915894
222.4 80.1846389771
225.7 81.7733459473
229.2 82.6160888672
232.6 84.289276123
235.9 85.6563262939
239.1 87.1760025024
242.6 87.7724914551
245.9 88.2289886475
248.9 89.025894165
252.4 89.7426986694
255.8 91.5736160278
259.6 91.973739624
262.7 93.076789856
265.8 93.3379669189
269.2 93.3643188477
272.7 93.4595184326
275.6 93.5420684814
278.6 93.578956604
281.8 93.578956604
285.3 93.8635025024
288.0 93.9637908936
291.0 94.1594619751
294.4 94.6421356201
297.1 96.7604064941
300.6 97.1027374268
303.7 97.8529205322
306.7 98.9160995483
309.7 99.1621780396
313.5 99.3998184204
316.9 99.4047393799
320.2 99.4047393799
323.6 99.4047393799
327.1 99.5020446777
330.4 99.9432678223
333.5 100.0
