361.3
1.3 5.10019636154
3.9 5.10019636154
6.7 5.24721097946
9.9 5.67859458923
13.0 6.0848608017
16.5 6.58931255341
20.0 7.42871904373
22.8 9.79904460907
25.9 10.5664367676
29.1 12.6797943115
32.4 13.9049167633
35.6 15.7000055313
38.7 16.5083236694
42.0 17.1109600067
45.1 18.1593837738
48.6 19.4222698212
51.9 20.5683517456
55.6 21.2995605469
59.0 22.0769634247
62.0 22.8592853546
65.7 23.3537254333
69.2 24.2537288666
72.5 25.8549060822
76.4 28.1542720795
79.6 29.3816776276
82.5 30.3675708771
86.2 30.8915195465
89.5 31.4065113068
92.5 31.620973587
95.6 32.0486679077
98.8 32.5662918091
102.4 33.5904769897
105.3 34.8944625854
108.2 35.1911277771
111.4 35.3305892944
114.6 35.3305892944
117.8 35.3305892944
121.0 35.3321723938
124.6 35.843120575
127.7 37.6872138977
130.6 38.9629249573
133.7 39.5420227051
136.6 40.5010452271
139.4 41.0908584595
142.5 41.5076637268
146.1 41.8522796631
148.9 42.4584274292
152.3 43.1813812256
155.5 45.1036376953
158.6 47.5930519104
161.5 49.5876731873
164.7 51.6964645386
168.0 53.3680763245
171.3 56.1144561768
174.3 58.3528747559
177.6 60.977180481
180.7 63.5544166565
183.6 64.0896072388
186.9 64.1568756104
190.4 64.1568756104
193.7 64.3281326294
197.5 65.5302429199
200.9 66.3689498901
204.4 66.7715301514
207.2 66.8950042725
210.7 66.8950042725
213.5 66.8950042725
216.7 66.8955307007
219.7 66.9619216919
222.9 67.8671951294
225.9 68.5125198364
229.2 69.2237014771
232.3 69.5340652466
235.8 69.856552124
239.3 70.2378768921
242.4 70.4820251465
245.6 70.4820251465
249.4 70.4822006226
252.9 71.6093063354
256.2 73.7123031616
259.9 74.5785827637
263.3 76.1261901855
267.3 77.770401001
270.3 79.0236282349
273.2 79.678604126
276.9 80.9147949219
279.9 82.4789123535
283.8 83.0328903198
287.7 85.1323776245
291.3 85.9543914795
294.4 85.9747695923
297.8 86.3696136475
300.7 86.5368270874
303.8 86.8285751343
306.8 88.1822738647
310.0 91.0090942383
313.4 92.6645507812
316.7 94.8708190918
319.9 96.5469970703
323.0 97.7410354614
326.5 98.4609985352
329.9 98.9406890869
333.4 99.2001113892
336.7 99.2557907104
339.8 99.2557907104
342.9 99.2557907104
346.0 99.2557907104
349.3 99.2557907104
352.2 99.2557907104
354.9 99.3142852783
358.0 99.9329071045
361.0 100.0
