148.3
0.1 13.1125879288
2.2 13.1125879288
4.3 13.6908588409
6.6 15.0138731003
9.0 16.8998241425
11.5 18.7916183472
13.6 20.8294391632
16.0 22.4131126404
18.3 24.7846088409
20.4 26.9969329834
22.7 28.1425228119
24.8 29.4407119751
27.1 34.6524543762
29.5 37.4415893555
31.9 42.1539154053
34.0 44.7210845947
36.4 46.3996772766
38.7 48.3973426819
41.2 49.6663246155
43.7 50.5424957275
45.9 51.1967010498
48.4 51.8428726196
50.8 52.4649543762
53.0 53.08776474
55.4 53.7573013306
57.7 54.4487457275
59.9 55.0445404053
62.1 55.6344909668
64.3 56.640625
66.8 57.7993583679
69.0 59.0646896362
71.3 60.4125289917
73.7 61.6888160706
76.0 62.9059562683
78.1 63.8456497192
80.5 64.9853973389
82.9 69.2559890747
85.2 71.1485137939
87.5 72.4342880249
89.6 73.6996231079
92.0 74.8722229004
94.1 76.2602233887
96.4 77.3714981079
98.7 78.9150085449
100.8 80.5381164551
102.9 81.8180465698
105.3 83.6536178589
107.8 87.0925827026
110.2 88.3995361328
112.7 89.2012252808
115.1 89.8634643555
117.4 90.5877609253
119.9 91.2178726196
122.2 91.9618835449
124.5 92.4897766113
126.6 93.1739196777
129.1 93.7456207275
131.6 94.5816268921
134.0 95.2540893555
136.4 95.9024505615
138.9 96.5340270996
141.3 97.1648635864
143.7 97.9665603638
145.9 99.0143127441
148.1 99.4458236694
