134.8
0.9 13.1899824142
3.3 13.1899824142
5.3 13.9223127365
7.4 15.3942756653
9.7 17.0589962006
12.1 18.8624420166
14.4 20.8126468658
16.5 22.9592590332
18.9 25.1248531342
21.4 26.8501758575
23.8 28.2775993347
26.2 32.5299339294
28.5 36.1536216736
30.9 38.2914733887
33.2 41.2675247192
35.6 45.1182823181
37.9 47.38463974
40.5 48.4564819336
42.7 49.5086174011
44.7 50.11901474
47.2 50.6680793762
49.7 51.2719039917
52.1 52.4247970581
54.5 53.6996192932
56.8 55.1255836487
59.2 56.4741516113
61.6 58.0118293762
63.8 58.7580299377
66.2 59.947429657
68.8 61.5771026611
71.2 66.2069244385
73.7 67.2342300415
76.1 68.738319397
78.7 70.0094909668
81.1 71.2711715698
83.3 72.7146606445
86.0 74.0099334717
88.4 75.5059890747
90.9 76.6712875366
93.4 77.9366226196
95.6 79.2589111328
97.5 80.2847518921
99.8 81.4259643555
101.8 82.9052276611
104.2 84.0909729004
106.3 85.7075042725
108.6 87.5401611328
111.0 90.3249130249
113.6 91.2156829834
115.9 91.9640808105
118.3 92.5489196777
120.7 93.4878768921
123.1 94.714515686
125.7 95.9090270996
127.7 97.3335266113
130.1 98.3382034302
132.3 99.2026901245
134.5 99.4596939087
