133.9
0.1 13.1140480042
2.3 13.1140480042
4.4 13.6426696777
6.7 14.9605722427
9.0 16.9319515228
11.3 18.8368873596
13.8 20.6359519958
16.1 22.7029781342
18.2 24.7210865021
20.6 26.6851634979
23.3 28.0045261383
25.6 29.485250473
27.9 35.9710845947
30.1 38.94348526
32.7 42.8621482849
35.2 45.5381126404
37.7 47.6686630249
40.0 49.3523674011
42.4 50.3519287109
44.8 51.2405090332
47.3 51.71875
49.6 52.3386383057
51.9 52.92786026
54.5 54.0311050415
57.1 55.3628807068
59.5 56.8348426819
62.0 58.1739196777
64.5 59.7466430664
67.3 60.5936050415
70.2 62.0903930664
72.6 64.3282699585
74.9 67.9504928589
77.2 69.1106872559
79.5 70.3132324219
81.9 71.7786178589
84.2 72.9373550415
86.9 74.191734314
89.4 75.6140441895
92.0 76.9523925781
94.4 78.3695983887
96.9 79.7174377441
99.4 81.1915893555
101.9 83.0235137939
104.5 84.855430603
107.0 87.1926116943
109.5 89.7860717773
112.0 90.495765686
114.3 91.2624130249
116.8 91.8669662476
119.3 92.6701202393
121.6 94.0668792725
123.9 95.3460845947
126.2 96.6471939087
128.5 98.1140441895
131.0 98.90625
133.6 99.4282989502
