132.5
0.9 13.1359519958
2.8 13.1359519958
5.1 13.6908588409
7.5 15.5264310837
9.7 17.0458526611
11.7 18.9237728119
14.1 20.6155090332
16.3 22.5927276611
18.6 24.6561031342
20.8 26.7983360291
23.3 28.0855731964
25.7 29.7743873596
28.0 36.4595489502
30.4 38.6828269958
32.8 43.3666763306
35.1 45.676109314
37.4 47.4839363098
39.6 49.1537666321
41.9 49.9233360291
44.1 50.6344909668
46.3 51.7231292725
48.6 53.0731582642
50.9 54.3669700623
53.3 55.6804924011
55.5 57.1495323181
57.7 58.0884933472
59.7 58.9113616943
62.0 60.3358650208
64.2 63.6090812683
66.6 65.9243545532
68.8 67.2590560913
71.1 68.530960083
73.3 69.6466140747
75.6 70.8988037109
78.0 72.1108322144
80.5 73.3681335449
82.7 74.9810180664
85.2 76.1850204468
87.6 77.5328598022
89.9 78.8142547607
92.4 79.9802856445
94.8 81.2806625366
97.1 82.8227233887
99.3 84.1720199585
101.7 85.5476074219
104.0 87.2444534302
106.4 89.2676696777
108.7 92.5219039917
111.1 93.7587585449
113.6 94.6707077026
115.8 95.2716140747
118.3 95.8469619751
120.8 96.6063079834
123.1 97.3539733887
125.4 98.019859314
127.9 98.6820983887
130.3 99.3808441162
132.1 99.3910598755
