136.9
1.1 13.192902565
3.9 13.192902565
6.6 14.286652565
9.3 15.6447134018
12.1 17.0327110291
15.3 18.5893688202
18.0 20.4629096985
21.4 22.2904491425
24.8 23.9398365021
27.8 28.014749527
30.6 29.9116535187
33.5 33.879234314
36.5 36.0302276611
39.3 38.1461753845
42.2 39.8678436279
45.1 40.8214073181
47.9 41.9947433472
50.7 44.1347846985
53.2 47.5219039917
55.9 49.9050827026
58.8 51.9626159668
61.8 54.2815437317
64.6 57.2510223389
67.6 62.3955917358
70.3 64.2508773804
73.2 66.3938369751
76.3 68.4375
78.6 70.0350494385
81.0 71.3054885864
83.6 72.6745071411
86.6 74.0223388672
89.3 75.847694397
92.3 77.1597518921
94.7 78.7543792725
97.5 80.0949172974
100.5 81.4909439087
103.2 83.2987747192
106.0 85.1175537109
108.6 86.6318664551
111.2 88.6769866943
114.1 90.9820404053
117.1 93.1103973389
119.8 94.0771026611
122.6 94.7473678589
125.7 95.5242385864
128.2 96.469039917
131.1 97.9592590332
133.6 99.296875
136.6 99.4465560913
