341.9
0.1 9.02745342255
1.3 9.10922908783
2.5 9.43560123444
3.7 9.8116235733
5.0 10.1226634979
6.3 10.5096378326
7.6 10.7958526611
9.0 11.0572433472
10.4 11.5347547531
11.8 11.7742404938
13.2 12.180929184
14.7 12.6190128326
16.1 13.114777565
17.6 13.5864486694
19.2 14.0676107407
20.7 14.2216701508
22.2 14.3538255692
23.7 14.7415304184
25.2 15.227804184
26.7 16.9750289917
28.2 19.8663845062
29.7 20.1423778534
31.2 20.652015686
32.8 21.1236858368
34.3 21.4580898285
35.7 21.8903331757
37.3 22.2254676819
38.7 22.7270736694
40.3 23.2454738617
41.7 23.6645736694
43.3 24.2881126404
44.8 24.6977214813
46.3 25.1394577026
47.8 25.1956768036
49.3 25.443195343
50.9 27.4605731964
52.4 28.7799358368
53.9 29.0040893555
55.3 29.4845218658
56.9 29.9342880249
58.4 30.2467880249
59.9 30.7038555145
61.3 31.0820674896
62.9 31.477804184
64.4 32.0947723389
65.9 32.4430503845
67.4 32.4583816528
68.9 32.5029220581
70.5 32.5620613098
71.9 32.7643089294
73.5 33.4448013306
75.0 34.0924339294
76.4 34.1055793762
78.0 34.1084976196
79.5 34.1114196777
81.0 34.1128807068
82.5 34.113609314
83.9 34.1143417358
85.5 34.1143417358
87.0 34.1157989502
88.6 34.1157989502
90.0 34.1157989502
91.6 34.1165313721
93.0 34.1165313721
94.6 34.1165313721
96.1 34.1165313721
97.7 34.1165313721
99.2 34.1165313721
100.7 34.1165313721
102.2 34.1165313721
103.7 34.1165313721
105.2 34.1165313721
106.8 34.1165313721
108.3 34.1165313721
109.8 34.1165313721
111.3 34.1165313721
112.8 34.1165313721
114.4 34.1165313721
115.9 34.1165313721
117.5 34.1165313721
119.0 34.1165313721
120.4 34.1165313721
122.0 34.2523345947
123.5 35.103679657
125.1 35.5665893555
126.6 36.0769577026
128.0 36.3960266113
129.6 36.8560180664
131.1 37.0692176819
132.7 37.0692176819
134.3 37.5313949585
135.8 37.8300247192
137.3 38.292930603
138.7 38.7083816528
140.2 39.1698303223
141.7 39.699180603
143.3 40.0540313721
144.8 40.5790023804
146.4 41.0864486694
147.9 41.4383773804
149.4 42.0896606445
151.0 42.6708526611
152.5 45.7849006653
154.0 46.6596069336
155.5 47.0202980042
157.0 47.7394866943
158.4 48.072429657
160.0 48.5776863098
161.5 48.8171730042
162.9 49.2099876404
164.4 49.5991516113
166.0 49.9247970581
167.5 50.4373550415
169.0 50.8915023804
170.5 51.2974586487
172.0 51.7034187317
173.4 52.136390686
175.0 52.5197143555
176.5 52.9490356445
178.0 53.2367095947
179.5 53.6893997192
181.0 54.0705299377
182.6 54.4516639709
184.1 54.88098526
185.6 55.3300247192
187.1 55.714805603
188.7 56.2996482849
190.4 56.5566596985
191.9 57.1458816528
193.3 57.5058403015
194.9 57.92786026
196.3 58.3630256653
197.9 58.7448883057
199.4 59.1471977234
200.8 59.5794410706
202.4 59.8189239502
203.9 60.494304657
205.4 60.6403312683
206.8 61.0054016113
208.4 61.44348526
210.0 61.7917633057
211.5 62.1889610291
212.9 62.6496772766
214.5 63.0461463928
216.1 63.4688949585
217.6 63.9347267151
219.1 64.5056915283
220.7 65.0175247192
222.2 65.6191558838
223.8 66.1156539917
225.2 66.8457946777
226.8 67.2831497192
228.2 68.3352813721
229.7 70.9228973389
231.2 71.2879638672
232.8 71.6391677856
234.2 71.8560180664
235.8 71.8603973389
237.2 71.8603973389
238.8 71.8603973389
240.3 72.0370941162
241.9 72.0378189087
243.4 72.0378189087
244.9 72.0392837524
246.4 72.0392837524
248.0 72.0392837524
249.6 72.0392837524
251.1 72.0392837524
252.6 72.3488616943
254.1 72.8110427856
255.6 73.1658859253
257.1 73.7580337524
258.6 74.2099914551
260.1 74.3224334717
261.6 74.3457946777
263.1 74.4056625366
264.6 74.5056915283
266.1 74.9043502808
267.6 77.5452651978
269.1 77.8307571411
270.6 78.2345199585
272.1 78.6864776611
273.6 79.0902481079
275.2 79.6217880249
276.6 80.0401611328
278.2 80.2905960083
279.6 80.7754058838
281.3 81.2317428589
282.8 81.6413574219
284.3 82.0013122559
285.8 82.4350204468
287.2 82.8307571411
288.8 83.2367095947
290.3 83.6193084717
291.9 84.0157699585
293.4 84.5392837524
295.0 84.9350204468
296.5 85.3219909668
297.9 85.7133483887
299.5 86.0791473389
301.0 86.4632034302
302.5 86.8180465698
304.0 87.2422637939
305.4 87.8249130249
307.0 88.0943374634
308.5 88.5032119751
310.0 88.9580917358
311.5 89.3669662476
312.9 89.7729263306
314.4 90.1825332642
316.0 90.5446853638
317.4 90.9805755615
318.9 91.4296112061
320.5 91.8158569336
322.0 92.1393127441
323.5 92.578125
325.0 93.0841140747
326.6 93.4922637939
328.1 93.8069534302
329.6 94.2435760498
331.1 94.7086715698
332.6 95.222694397
334.1 95.6826782227
335.6 96.0229263306
337.1 96.5106582642
338.5 97.0845489502
340.1 97.7029800415
341.6 99.3487167358
