315.7
0.6 5.65233230591
2.1 5.65233230591
3.7 6.21843862534
5.4 6.73142671585
7.0 7.44670009613
8.7 9.65218639374
10.3 10.7683916092
11.9 11.3323144913
13.6 11.5840787888
15.2 11.8707704544
16.8 12.3772106171
18.5 12.8137960434
20.1 13.2540206909
21.7 13.6680488586
23.5 14.1075458527
25.2 14.4691839218
26.9 15.0643968582
28.6 15.4478645325
30.2 16.0248851776
31.8 16.3370437622
33.6 16.8645858765
35.3 17.3870334625
36.9 17.8738269806
38.6 18.1808929443
40.3 18.6771450043
41.9 19.1261005402
43.5 19.447719574
45.2 19.9039516449
46.8 20.399477005
48.4 20.7014484406
50.1 21.1649570465
51.9 21.6750354767
53.5 22.2687911987
55.3 22.6900959015
57.0 23.0248126984
58.7 23.4628543854
60.4 23.9430980682
62.1 24.4429893494
63.8 24.762424469
65.5 25.0862255096
67.2 25.634141922
68.8 26.0860080719
70.5 26.4221782684
72.1 26.8565807343
73.8 27.3149967194
75.6 27.6504402161
77.4 28.1845302582
79.0 28.7622795105
80.7 29.1930446625
82.3 29.8377361298
84.0 29.9061336517
85.6 29.9548854828
87.4 29.9832649231
89.0 30.1520767212
90.6 31.0092411041
92.2 33.2016296387
93.9 33.6185684204
95.6 34.1031799316
97.3 34.5790596008
98.9 34.9035873413
100.6 35.5213546753
102.3 35.9921417236
103.9 36.6310119629
105.5 37.243686676
107.1 37.5733108521
108.7 37.8279838562
110.5 38.4173774719
112.3 41.336681366
114.0 42.3975830078
115.7 42.9338569641
117.5 43.0932121277
119.2 43.0939369202
121.0 43.0939369202
122.7 43.0968475342
124.4 43.2467422485
126.2 43.709526062
127.8 44.1293754578
129.4 44.5354003906
131.0 44.9807167053
132.7 45.3976554871
134.3 46.036529541
136.0 46.3974380493
137.6 46.9227981567
139.3 47.3608398438
141.0 47.6562614441
142.7 48.2216415405
144.3 48.4675827026
146.0 48.8714256287
147.6 49.0569763184
149.3 49.3953285217
151.0 49.4986534119
152.7 49.8646583557
154.3 50.2357559204
156.0 50.7414665222
157.6 51.3090286255
159.2 51.6401062012
160.9 52.1603736877
162.5 52.4739875793
164.3 53.0080757141
166.0 53.5399856567
167.6 54.0267791748
169.3 54.3869590759
171.1 54.8504676819
172.7 55.4427719116
174.4 55.8800849915
176.0 56.4119911194
177.7 57.0690536499
179.4 57.3841209412
181.0 57.9647827148
182.8 58.3329696655
184.5 58.460308075
186.2 58.7484550476
187.9 59.2367019653
189.5 59.7620620728
191.3 60.2801437378
193.0 60.904460907
194.7 61.2115249634
196.4 61.3461380005
198.0 61.7383384705
199.7 62.3146324158
201.4 63.4373855591
203.1 63.8543243408
204.8 63.8717880249
206.5 64.0609741211
208.2 64.4771881104
209.9 64.9705276489
211.5 65.4667816162
213.3 65.8866348267
215.1 66.3799743652
216.8 67.0377655029
218.4 67.4314193726
220.1 67.8381729126
221.8 68.3817214966
223.5 68.7491836548
225.1 69.3276596069
226.9 69.7489624023
228.5 70.3652801514
230.2 70.7931289673
232.0 71.2246246338
233.6 71.883140564
235.2 72.8909225464
237.0 75.852432251
238.6 76.5284118652
240.2 76.8413009644
242.0 77.1054382324
243.7 77.7646789551
245.3 78.1765289307
247.0 78.6021957397
248.5 78.9580154419
250.2 79.5546798706
251.9 79.9883575439
253.4 80.4191207886
255.2 80.8302383423
256.8 81.5789871216
258.5 82.1065292358
260.1 82.660987854
261.9 82.807975769
263.5 83.0568313599
265.1 83.7706451416
266.9 86.2228012085
268.6 86.5480575562
270.2 87.0755996704
271.8 87.4270553589
273.5 87.9538650513
275.1 88.3875427246
276.7 88.8234024048
278.3 89.0897216797
279.9 89.9621658325
281.5 90.0392913818
283.2 90.0727615356
284.9 90.1433486938
286.7 90.3230743408
288.3 91.4531021118
290.1 93.3748092651
291.9 93.820854187
293.6 94.3025512695
295.2 94.8060836792
297.0 95.1284255981
298.8 95.6421432495
300.4 96.2824707031
302.0 96.7532577515
303.7 97.3339157104
305.4 97.8148880005
307.0 97.9618682861
308.6 98.2485656738
310.3 98.6640472412
311.9 99.1260986328
313.6 99.3727722168
315.3 99.4557266235
