290.8
0.9 8.46381282806
2.3 8.46381282806
3.6 8.52731895447
4.9 8.5295085907
6.2 8.68936824799
7.5 11.2113580704
8.7 11.5558958054
10.1 11.8186798096
11.3 12.216504097
12.7 12.6552066803
13.9 12.9413480759
15.2 13.3063249588
16.5 13.6654624939
17.8 14.0399284363
19.1 14.5114784241
20.5 14.8231687546
21.8 14.9341220856
23.2 14.9414215088
24.5 14.9976272583
25.8 15.0947113037
27.2 15.3049383163
28.5 16.050951004
29.8 18.3685531616
31.2 18.5751304626
32.4 18.949596405
33.8 19.2152996063
35.1 19.5744361877
36.5 19.943063736
37.9 20.3876056671
39.2 20.7095146179
40.6 21.0854415894
42.0 21.6380157471
43.4 22.0971565247
44.8 22.6446228027
46.1 22.8256511688
47.5 22.9468231201
48.9 23.1074123383
50.3 23.2986602783
51.7 23.7636413574
53.0 25.5374279022
54.4 26.3440265656
55.7 26.6907558441
57.1 27.1039085388
58.4 27.4849452972
59.8 27.7462673187
61.1 28.1054058075
62.3 28.5360774994
63.7 28.8244094849
65.1 29.2952289581
66.4 29.6777248383
67.8 30.1441650391
69.2 30.6529426575
70.6 30.7887153625
71.8 30.9201068878
73.2 31.066827774
74.4 31.4624614716
75.7 31.7938613892
77.0 32.6143302917
78.3 34.9078445435
79.6 35.1647872925
80.9 35.550201416
82.3 35.8246650696
83.7 36.1896438599
85.1 36.6422119141
86.5 37.0042686462
87.8 37.3210716248
89.2 37.7626914978
90.4 38.1524887085
91.7 38.465637207
93.1 38.8897399902
94.5 39.3087348938
95.8 39.6459732056
97.1 40.1496391296
98.5 40.4102325439
99.8 40.8533172607
101.2 41.1817932129
102.5 41.6504249573
103.8 42.1037254333
105.2 42.6949882507
106.5 44.5008926392
107.8 46.3505973816
109.1 47.0776290894
110.5 47.4820251465
111.8 47.9981002808
113.1 48.3784065247
114.4 48.7806129456
115.8 49.1777076721
117.0 49.5550918579
118.4 49.9054718018
119.7 50.2208099365
121.0 50.6047668457
122.4 51.0106201172
123.8 51.3690261841
125.2 51.6551704407
126.5 52.0632133484
127.8 52.4457092285
129.2 52.8048477173
130.6 53.1873435974
132.0 53.5691070557
133.4 53.9494132996
134.8 54.3319091797
136.1 54.6640396118
137.5 55.0523757935
138.9 55.4720993042
140.2 55.8348846436
141.5 56.2049713135
142.9 56.4626464844
144.2 56.8144836426
145.6 57.2429656982
146.8 57.5772819519
148.2 57.9510192871
149.5 58.2298622131
150.9 58.6116294861
152.2 58.980255127
153.5 59.3240623474
154.8 59.6262626648
156.0 60.2481842041
157.4 60.586151123
158.8 61.0277748108
160.1 61.3701248169
161.4 61.7139320374
162.7 62.0168609619
164.1 62.4278259277
165.4 62.8234596252
166.7 63.0928153992
168.0 63.4906387329
169.2 63.8986816406
170.6 64.1972351074
171.8 64.7768173218
173.2 65.2498245239
174.5 65.6075057983
175.9 66.2155532837
177.2 66.5454940796
178.6 67.2389526367
179.8 67.7659759521
181.2 69.1871948242
182.5 71.1748580933
183.8 71.4047927856
185.2 71.4047927856
186.6 71.4296112061
187.9 71.4296112061
189.2 71.4296112061
190.6 71.5011520386
191.8 71.6340026855
193.2 71.6369247437
194.5 71.6369247437
195.7 71.6376495361
197.0 71.638381958
198.3 71.8340072632
199.6 72.2026367188
200.9 72.5165176392
202.2 72.8362350464
203.5 73.2216491699
204.9 73.602684021
206.3 74.0552597046
207.7 74.3603744507
209.0 74.3851928711
210.4 74.4173126221
211.8 74.5114822388
213.2 74.6625823975
214.4 75.0166091919
215.7 77.6867752075
217.1 77.9021148682
218.5 78.0305862427
219.8 78.393371582
221.1 78.8014144897
222.5 79.1758804321
223.7 79.5393981934
225.0 79.9029159546
226.3 80.2043838501
227.7 80.5956420898
229.1 80.907333374
230.4 81.3161087036
231.8 81.7029800415
233.0 82.0862045288
234.4 82.4482650757
235.8 82.7942657471
237.1 83.1548614502
238.4 83.5125350952
239.8 83.8680267334
241.1 84.2103729248
242.4 84.5519943237
243.7 84.9016418457
245.1 85.1739120483
246.5 85.5359649658
247.8 85.8936462402
249.1 86.2498626709
250.4 86.6119232178
251.6 87.0185012817
252.9 87.3177871704
254.3 87.7185287476
255.7 88.1535797119
256.9 88.5630874634
258.2 88.8966751099
259.5 89.2594604492
260.8 89.6156768799
262.2 89.9529190063
263.6 90.3135147095
265.0 90.6748428345
266.4 91.0427398682
267.8 91.5369186401
269.2 91.875617981
270.6 92.2267227173
271.8 92.6369552612
273.2 92.8763809204
274.6 93.3822402954
275.9 93.7428359985
277.3 94.019493103
278.6 94.4165878296
279.9 94.9166030884
281.3 95.2793884277
282.6 95.5720977783
283.9 96.0392684937
285.3 96.4750518799
286.7 96.8626556396
288.0 97.5896911621
289.2 98.8904724121
290.6 99.3445053101
