298.9
0.5 8.58563423157
1.7 8.58563423157
3.1 8.58563423157
4.6 8.58563423157
5.9 8.74360275269
7.1 9.44754600525
8.4 10.559879303
9.8 12.8595247269
11.2 13.3618211746
12.5 13.7112445831
13.8 14.0533885956
15.2 14.3918933868
16.5 14.8250331879
17.9 15.1351470947
19.2 15.44962883
20.5 15.8784008026
21.8 16.3071727753
23.2 16.5954475403
24.5 16.9805412292
25.8 17.3416118622
27.1 17.6313438416
28.5 17.9873180389
29.8 18.3680458069
31.1 18.7356681824
32.5 19.2052059174
33.9 19.5211429596
35.3 19.8829421997
36.6 20.1333637238
37.9 20.4988021851
39.2 20.856962204
40.5 21.1940097809
41.9 21.6802921295
43.3 22.0035095215
44.6 22.3864192963
45.9 22.7278347015
47.2 23.0758037567
48.6 23.5038471222
49.9 23.8168735504
51.2 24.2500133514
52.6 24.5470237732
53.9 24.9022712708
55.2 25.3550662994
56.6 25.6986656189
57.9 26.0699291229
59.3 26.4746780396
60.7 26.7149066925
62.0 27.1000003815
63.3 27.5542526245
64.6 27.8920288086
65.9 28.2523708344
67.2 28.5879631042
68.6 28.9024448395
69.9 29.3479614258
71.3 29.6442432404
72.5 30.1312522888
73.9 30.4996032715
75.2 30.8075332642
76.5 30.8359241486
77.9 30.8504829407
79.3 30.9101753235
80.6 30.9851570129
81.9 31.2697906494
83.2 33.1523132324
84.6 34.2529983521
85.9 34.5783996582
87.2 34.9438362122
88.6 35.3019981384
89.9 35.615020752
91.3 35.9942932129
92.6 36.4288902283
93.9 36.8940582275
95.2 37.4276580811
96.6 37.7377700806
98.0 38.2728271484
99.3 38.5334396362
100.7 38.7452774048
101.9 39.2526702881
103.3 40.4465332031
104.7 42.8917732239
105.9 43.3285522461
107.2 43.5942611694
108.5 43.6976318359
109.8 43.6976318359
111.2 43.6976318359
112.4 43.6976318359
113.8 43.6976318359
115.1 43.6983604431
116.4 43.891998291
117.7 44.2574386597
119.0 44.627243042
120.3 45.0822219849
121.5 45.3974342346
122.8 45.7235603333
124.2 46.0657043457
125.5 46.5417976379
126.9 46.811870575
128.2 47.2602996826
129.6 47.5325584412
130.9 47.9336662292
132.2 48.3216743469
133.5 48.6332435608
134.8 48.9724769592
136.1 49.3684883118
137.5 49.6720504761
138.8 50.0076446533
140.1 50.4837341309
141.5 50.869556427
142.8 51.2641143799
144.0 51.6288261414
145.4 51.9644165039
146.7 52.2512359619
148.0 52.6079406738
149.4 52.9631881714
150.7 53.321346283
152.0 53.69115448
153.3 54.0711517334
154.6 54.4358634949
155.8 54.7787361145
157.1 55.1645584106
158.5 55.5248985291
159.8 55.8743247986
161.1 56.3060073853
162.5 56.7325973511
163.9 57.2057723999
165.2 57.5588378906
166.5 58.0014419556
167.8 58.3676071167
169.2 58.6544265747
170.5 59.0882949829
171.8 59.463924408
173.2 59.5374488831
174.6 59.9116249084
175.9 60.2326583862
177.2 60.4517745972
178.6 60.7451477051
179.9 61.1346092224
181.3 61.4185142517
182.6 61.4556427002
184.0 61.4694709778
185.2 61.5204315186
186.6 61.5604667664
187.9 61.8239936829
189.3 62.881729126
190.7 64.8705291748
192.0 65.1216812134
193.4 65.4900283813
194.7 65.8299942017
196.1 66.1852416992
197.4 66.5179214478
198.7 66.9568862915
199.9 67.2713623047
201.3 67.6448135376
202.7 68.0488357544
204.1 68.4011688232
205.5 68.7891769409
206.8 69.1997451782
208.1 69.6074066162
209.5 70.0762176514
210.8 70.3688583374
212.2 70.6658706665
213.4 71.1536102295
214.8 71.4753723145
216.2 71.9973220825
217.5 72.7529525757
218.8 75.9370727539
220.2 76.349105835
221.5 76.349105835
222.8 76.349105835
224.2 76.349105835
225.6 76.3905944824
226.9 76.7312850952
228.3 77.1032791138
229.6 77.4468765259
231.0 77.8487167358
232.4 78.2076034546
233.6 78.6130752563
234.9 78.8751449585
236.2 79.2813491821
237.6 79.5943756104
239.0 80.0202407837
240.4 80.5028762817
241.7 80.883605957
243.1 81.3072814941
244.5 81.7673568726
245.7 82.3672027588
247.1 82.4712982178
248.4 82.5841369629
249.7 82.9735946655
251.1 84.1689147949
252.4 85.9633560181
253.7 86.325881958
255.0 86.6359939575
256.4 87.0327377319
257.6 87.3748779297
259.0 87.6602401733
260.3 88.0941085815
261.7 88.4777526855
263.0 88.8511962891
264.3 89.2930755615
265.6 89.70728302
267.0 89.7415008545
268.3 89.7735290527
269.6 89.8062896729
270.9 89.8645248413
272.2 90.0632629395
273.6 90.6179733276
274.8 93.1330947876
276.1 93.3187255859
277.5 93.6754302979
278.8 94.0124740601
280.1 94.3458862305
281.4 94.7120513916
282.8 94.9894104004
284.1 95.4523925781
285.5 95.7668762207
286.8 96.2990188599
288.1 96.8136901855
289.5 97.3553009033
290.7 97.5700454712
292.1 97.6726913452
293.4 97.8211975098
294.7 97.974067688
296.1 98.1953735352
297.4 98.7064056396
298.7 99.5522994995
