186.9
1.5 4.36385726929
3.5 4.36385726929
5.8 4.75407600403
7.8 5.3376121521
9.8 5.84946107864
12.0 6.28771066666
14.5 6.90039968491
16.5 7.62707185745
18.8 8.38480854034
21.1 9.21208286285
23.2 10.46326828
25.6 12.1985836029
27.8 14.39174366
29.7 15.4154405594
32.0 16.7297115326
34.4 17.9273700714
36.8 19.5534820557
39.1 21.0694332123
41.4 22.4238491058
43.7 23.733341217
46.0 24.8882274628
48.2 26.3571033478
50.2 27.7870311737
52.0 29.0327205658
54.4 30.1997928619
56.7 31.8008136749
58.7 33.2888069153
61.0 34.3923187256
62.8 36.1305007935
65.0 37.946105957
67.0 39.4971847534
68.9 41.0523262024
70.7 42.5197677612
72.6 43.4132347107
74.8 44.7781639099
76.7 46.3937606812
79.0 47.5173416138
81.0 50.1301116943
83.2 52.5837364197
85.3 54.7508506775
87.6 56.5509223938
90.0 57.6047286987
92.2 59.1383628845
94.5 60.348449707
96.4 61.4741821289
98.7 62.3141212463
100.6 63.4400901794
103.0 64.2348709106
105.2 66.0777130127
107.5 67.9886627197
109.6 70.5765838623
112.0 72.6655578613
114.2 74.2426834106
116.6 75.513458252
118.8 76.5966567993
121.0 77.6363677979
123.4 78.5403442383
125.7 79.33177948
127.9 80.1275100708
130.2 80.9691162109
132.2 81.8021316528
134.2 82.4700164795
136.6 83.2177200317
138.8 84.5785827637
141.2 85.5172119141
143.2 86.2842712402
145.4 86.6209640503
147.5 86.913444519
149.5 87.3098754883
151.4 87.8613967896
153.5 88.3899688721
155.6 89.0877304077
157.3 90.0215759277
159.4 90.9310531616
161.4 91.50025177
163.3 92.0371932983
165.4 92.5889434814
167.3 93.199005127
169.0 93.8073959351
171.0 94.4098052979
173.3 94.9902420044
175.4 96.4937667847
177.5 97.1898498535
180.0 98.0567932129
182.2 99.1115493774
184.4 99.8764572144
186.6 99.9997634888
