174.8
1.9 4.91680669785
4.6 4.91680669785
6.9 4.9784579277
9.2 5.64371776581
11.7 6.3572473526
14.3 7.01701164246
16.8 7.86292409897
19.2 8.74969863892
21.7 10.257525444
23.8 11.4288988113
26.2 12.3527116776
28.5 13.148443222
31.2 15.4369468689
33.6 16.8164539337
36.4 17.9942798615
38.9 19.611787796
41.4 21.8560848236
44.0 23.8298816681
46.6 25.4201488495
49.3 26.53058815
51.8 27.2333641052
54.4 27.8764019012
57.0 28.7942409515
59.6 30.5305118561
61.9 31.7668819427
64.5 33.0543899536
67.1 34.6307983398
69.5 36.4184455872
71.8 38.0925865173
74.3 39.440788269
76.7 41.1395454407
79.3 42.947265625
81.9 45.0314598083
84.6 47.2463645935
87.0 48.5142784119
89.6 49.450756073
92.0 51.466129303
94.3 53.4999046326
97.1 55.58385849
99.8 57.9144210815
102.3 59.1376457214
104.8 61.0908927917
107.6 63.3163108826
110.3 65.4093475342
112.8 67.370475769
115.3 68.7951507568
117.9 70.0561294556
120.4 72.0803451538
122.7 73.8455352783
125.4 75.2052078247
128.4 76.5524520874
131.3 77.9357833862
133.6 78.7183685303
136.4 79.3657073975
139.1 80.2534408569
142.0 81.4030685425
144.4 82.8700332642
146.9 85.0034561157
149.4 87.4190826416
152.1 89.311630249
154.5 91.3669128418
157.0 92.9660263062
159.4 94.4055099487
161.9 95.9068832397
164.6 97.4429092407
167.3 98.4482040405
169.6 99.4095306396
172.0 99.8790893555
174.5 100.0
