393.7
2.0 9.39978408813
4.3 9.40548229218
6.4 9.44904994965
8.6 9.48038482666
10.9 9.63438129425
13.2 10.0990505219
15.5 10.6667737961
17.8 11.1218910217
20.2 11.8731031418
22.7 12.6544780731
25.0 13.7691469193
27.2 14.4273576736
29.8 15.2176132202
31.9 15.8036022186
34.2 16.6044139862
36.6 17.3221130371
39.0 18.0416545868
41.3 18.7266769409
43.5 19.5467586517
45.9 20.4223079681
48.4 21.4793319702
50.8 22.2667388916
53.2 23.4424037933
55.6 24.6349925995
57.8 25.647277832
60.2 27.1290893555
62.6 28.519744873
65.0 29.8199138641
67.3 31.0104923248
69.5 32.3555679321
72.0 33.6802024841
74.8 35.1251487732
77.3 35.6472930908
79.8 36.3557777405
82.6 36.7882728577
85.3 37.0898971558
88.1 37.6981697083
90.6 38.0793914795
92.9 38.5363502502
95.3 38.9475669861
97.9 39.4866371155
100.4 40.044303894
102.7 40.943145752
105.6 42.3715057373
108.3 43.6147003174
110.7 44.9973106384
113.1 46.2106781006
116.0 47.7444381714
118.2 48.665397644
120.6 49.4164390564
122.9 50.3305282593
125.5 51.1926727295
127.9 52.1233520508
130.8 53.3645362854
133.6 54.5678482056
136.1 55.8651657104
139.0 57.2218055725
141.7 58.4733810425
144.2 59.4345550537
146.8 60.0011062622
149.9 60.8800048828
152.8 61.6863479614
155.7 62.3210983276
158.2 62.7313079834
160.7 63.2485923767
163.1 63.7323646545
165.7 64.2851791382
168.0 64.7315826416
170.9 65.142288208
173.6 65.4970321655
176.5 65.7629699707
178.7 66.1178817749
181.3 66.7613449097
183.8 67.3243713379
186.4 68.028503418
188.9 68.4065322876
191.3 68.6553726196
194.0 69.017829895
196.9 69.4225082397
199.6 69.9974365234
202.5 71.1449508667
205.1 72.5909042358
207.6 74.208442688
210.5 76.158782959
213.1 77.8916091919
215.4 79.341758728
218.1 80.159324646
220.9 81.1798171997
223.7 81.8259658813
226.2 82.229637146
228.6 82.6666564941
231.2 83.1242904663
233.6 83.5809173584
235.8 84.1312103271
238.1 84.2362823486
240.6 84.2362823486
243.1 84.2449951172
246.1 84.2449951172
248.9 84.2910766602
251.9 84.2910766602
254.9 84.667098999
257.6 85.2912902832
260.5 85.7417221069
263.6 86.4052886963
266.5 86.9681549072
269.6 87.6865234375
272.4 88.4752731323
275.2 89.2864761353
277.9 90.1177825928
280.6 90.8787155151
283.2 91.4243164062
285.8 92.2036819458
288.4 93.1997146606
291.3 93.9891281128
293.9 94.343208313
296.4 94.6253890991
299.1 94.6781768799
301.8 94.6840438843
304.7 94.6840438843
307.5 94.6840438843
310.1 94.6840438843
312.8 94.6840438843
315.2 94.6840438843
317.7 94.6842041016
320.4 94.6842041016
322.8 94.8519439697
325.7 95.0977706909
328.5 95.5207138062
331.1 96.1849594116
333.7 96.8858947754
336.6 97.4826126099
339.6 98.2403564453
342.3 98.6192321777
345.1 98.8003768921
348.2 98.8570098877
351.3 98.8767852783
353.6 98.8995742798
355.6 98.9010848999
357.9 98.9010848999
360.0 98.9010848999
362.2 98.9046020508
364.4 98.9458236694
366.7 99.120262146
369.0 99.3582077026
371.7 99.637550354
374.0 99.9148712158
376.1 99.9542541504
378.5 99.9614562988
380.9 99.9614562988
383.4 99.9614562988
386.2 99.9708404541
388.7 100.0
390.9 100.0
393.7 100.0
