358.1
0.9 3.71330571175
3.7 3.71330571175
6.4 3.81781435013
9.0 4.12431430817
11.6 4.49018239975
14.2 5.67033958435
16.8 5.97683954239
19.6 6.48023748398
22.3 7.23111867905
24.9 9.33832836151
27.5 11.7955989838
30.0 12.8556146622
32.7 14.0271654129
35.3 15.1765842438
37.9 16.6330299377
40.6 17.6719684601
43.3 18.9589176178
46.1 19.7570476532
48.9 20.391828537
51.9 21.2445831299
54.6 22.5043067932
57.2 23.7548980713
59.8 24.0162582397
62.6 24.3599948883
65.2 24.4353466034
68.0 24.4353466034
70.6 24.9257469177
73.4 25.1289672852
75.8 25.389799118
78.5 25.8064289093
81.0 26.3142185211
84.0 27.2221260071
86.5 28.4440860748
89.5 28.7279281616
92.4 28.8967227936
95.0 28.9132328033
97.6 29.2144641876
100.3 30.0457897186
103.0 31.0183353424
105.3 33.2813415527
107.9 34.1383132935
110.5 34.9589271545
113.3 36.4355697632
115.8 37.6376838684
118.7 38.1974639893
121.7 38.9725837708
124.2 39.2437782288
126.8 39.6842956543
129.3 40.0823059082
131.8 40.7815475464
134.3 41.6344795227
136.6 42.9165115356
139.2 44.2247123718
141.7 45.9960899353
144.1 47.037311554
146.9 48.4433479309
149.6 49.6354484558
152.5 51.3088150024
155.1 52.1350479126
157.8 52.2281417847
160.6 52.9063072205
163.1 54.2315444946
165.8 55.5330734253
168.1 56.3694915771
171.1 57.0987701416
173.7 57.4533958435
176.0 57.6437950134
178.8 57.6757621765
181.5 57.6757621765
183.8 57.6757621765
186.2 57.7806243896
188.7 58.0309181213
191.2 58.3194999695
193.6 58.6943283081
196.0 59.2128295898
198.6 59.8734321594
201.1 60.7124862671
203.5 62.2920570374
206.1 63.1773071289
208.9 64.2266082764
211.5 64.7949981689
214.0 65.8240966797
216.8 66.9849319458
219.0 68.2992858887
221.7 70.2023925781
224.1 71.525177002
226.8 72.0464859009
229.1 73.4182739258
231.6 74.0051040649
233.9 74.8350219727
236.9 75.7972106934
239.1 76.2647705078
241.7 76.2760162354
243.9 76.2760162354
246.2 76.2760162354
248.6 76.2760162354
251.0 76.4203948975
253.8 76.7692260742
256.3 77.9339294434
258.8 79.3041305542
261.5 80.3109283447
264.0 81.4661407471
266.7 81.9481124878
269.1 82.7392120361
271.6 83.5041503906
274.4 84.5139312744
276.7 84.9398651123
279.3 85.2725372314
282.0 85.9403381348
284.4 87.41065979
287.3 88.1984329224
290.0 89.276184082
292.5 90.2051696777
295.1 91.4392471313
297.7 91.7589263916
300.2 92.2198181152
302.7 93.5879135132
305.4 95.0721130371
308.1 95.9417266846
310.5 96.8020324707
313.0 97.5054931641
315.6 98.1423797607
318.4 98.4434356689
321.5 98.4434356689
323.6 98.4595947266
326.0 98.4843597412
328.5 98.4843597412
331.1 98.4843597412
333.8 98.4843597412
336.1 98.4843597412
338.4 98.4843597412
341.2 98.6074905396
343.8 99.8766937256
347.0 99.9998245239
349.9 99.9998245239
353.2 99.9998245239
355.8 99.9998245239
