356.7
2.1 4.16787433624
4.9 4.49896478653
7.6 4.95423555374
9.9 5.12636756897
12.5 5.53070163727
14.9 5.92871284485
17.3 6.12666463852
19.7 6.64446496964
22.4 7.56976175308
24.9 8.7857503891
27.7 10.0707674026
30.5 11.2431955338
33.4 12.7720079422
35.8 14.174530983
38.5 15.9641752243
41.2 16.730512619
44.1 17.0547542572
46.6 17.2996025085
49.5 17.6435146332
52.0 18.1349697113
54.3 18.8465061188
56.7 19.7299995422
59.2 20.4968643188
61.7 22.4452915192
64.2 24.1613407135
67.0 24.4342918396
70.0 24.620300293
72.7 24.9529705048
75.2 26.5351791382
77.7 26.8673229218
80.2 27.5504055023
82.8 28.2080192566
85.3 29.1928596497
88.0 30.457326889
90.5 32.4809303284
93.1 33.0893630981
95.6 33.6326332092
98.1 35.087146759
100.6 35.7089271545
103.7 36.2815322876
106.5 37.2045440674
109.0 37.6361045837
112.0 38.8030853271
115.3 39.6449508667
118.2 39.9446029663
121.0 40.0006332397
123.9 40.578327179
126.7 42.0266952515
129.4 46.0580940247
132.0 47.8396568298
135.0 50.0526046753
137.9 51.4535484314
140.9 52.9419631958
143.5 56.0898666382
146.1 57.3097190857
148.6 58.7094345093
151.3 59.5045776367
154.0 60.0192146301
156.7 61.301071167
159.5 61.5429344177
162.2 61.8654174805
165.1 62.0141868591
167.9 62.12940979
170.5 62.12940979
173.2 62.12940979
175.8 62.12940979
178.0 62.1559333801
181.1 62.3614387512
183.8 62.817237854
186.5 64.2241516113
189.4 65.2555389404
192.0 65.559928894
194.9 65.7524337769
197.8 65.7524337769
200.3 65.8558883667
202.8 66.1228713989
205.3 66.8676071167
207.9 67.8749237061
210.8 68.7798461914
213.5 69.5105285645
216.0 70.0155105591
218.7 70.8907470703
221.5 72.1936798096
224.5 72.6508865356
227.0 73.4138870239
229.6 74.0588531494
232.3 75.3168182373
235.3 76.442527771
237.8 79.0202865601
240.3 80.0214614868
242.6 81.2929534912
245.3 82.4683685303
248.0 83.6286773682
250.6 85.4494171143
253.1 85.6540374756
255.7 86.4175643921
258.4 86.6086654663
261.0 86.7149353027
263.8 86.7149353027
266.4 86.7462005615
269.1 86.7462005615
271.7 86.7920455933
274.5 86.8226013184
277.1 86.8226013184
279.6 86.8234786987
282.5 86.8343734741
285.1 86.9134140015
287.4 87.405921936
290.0 87.7211990356
292.6 88.8857269287
295.1 90.0277709961
297.9 91.0162963867
300.8 91.6927032471
303.6 92.134803772
306.4 92.2141952515
309.1 92.2173538208
311.7 92.2380828857
314.3 92.4428863525
316.7 93.0225143433
319.2 93.3507919312
322.0 93.6736297607
324.5 94.1308288574
327.4 94.4050140381
329.9 94.7729873657
332.3 95.2056045532
334.9 95.9459457397
337.7 96.7152709961
340.2 97.3131637573
343.0 97.9382781982
345.9 98.2247619629
348.6 98.8695526123
351.5 99.3662719727
353.9 99.9666290283
356.4 99.9987716675
