363.0
0.5 5.0703368187
3.1 5.0703368187
5.6 5.22121572495
7.7 5.70915699005
10.1 5.9388999939
12.8 6.28228569031
15.2 6.79060173035
17.8 7.57151794434
20.9 8.33135700226
23.2 10.635641098
25.7 11.9415597916
28.4 13.7257585526
31.1 15.2099571228
33.6 15.66751194
36.0 15.8011770248
38.7 16.1635322571
41.2 16.8824462891
44.0 17.4991340637
46.7 18.9650669098
49.4 19.9024829865
51.8 21.3264331818
54.5 21.7713413239
57.1 22.5065917969
59.7 23.0935955048
62.0 23.5265598297
64.7 24.831073761
67.7 25.2220592499
70.2 26.1872272491
72.7 26.7932014465
75.1 28.053276062
77.8 29.9604263306
80.4 30.3396434784
82.8 30.7569770813
85.3 31.1997756958
88.0 31.4131851196
90.5 32.5564575195
93.0 33.5309333801
95.3 34.7455177307
98.1 35.0026626587
100.7 35.069934845
103.6 35.069934845
106.5 35.069934845
109.2 35.069934845
112.1 35.069934845
114.6 35.069934845
117.1 35.069934845
119.7 35.069934845
122.2 35.0730934143
124.9 35.3896064758
127.3 36.1297721863
129.7 37.2368621826
132.3 38.0128593445
134.6 39.0995750427
137.4 39.8155021667
139.8 40.6744041443
142.1 41.4349479675
144.6 42.0203704834
147.3 43.3168067932
150.4 44.9227256775
153.0 46.8606147766
155.4 48.700668335
157.8 50.0901947021
160.6 50.8804206848
163.2 53.4989318848
165.8 54.273349762
168.3 55.4030952454
171.0 56.1021614075
173.8 56.8765792847
176.4 57.3838424683
179.0 58.0131759644
181.9 58.451587677
184.6 59.4631233215
187.2 60.4193344116
190.2 62.0219154358
192.9 63.8208694458
195.5 64.8570022583
197.9 65.7369766235
200.5 66.5173721313
203.1 66.9561309814
205.7 67.2392654419
208.4 68.5084762573
211.4 69.1806716919
214.2 69.4418563843
216.7 70.4953689575
219.3 71.279800415
222.0 72.0538635254
224.8 72.2567367554
227.5 72.7668075562
230.2 73.304107666
232.7 73.6603164673
235.3 74.5659408569
238.1 74.7238388062
240.7 74.7238388062
243.2 74.7238388062
245.9 74.7238388062
248.6 74.7238388062
251.2 74.724899292
253.8 74.7329788208
256.2 74.8536453247
258.8 75.0905914307
261.6 75.8398895264
264.0 76.9415359497
266.5 77.3611450195
268.9 78.3826980591
271.5 78.7714004517
274.1 80.1129760742
276.5 80.8180160522
279.2 81.2569503784
281.6 81.7512130737
284.1 82.1731109619
286.6 83.0599441528
289.1 83.4512786865
291.6 84.0286254883
293.8 84.7673873901
296.2 86.2171554565
298.6 87.2297515869
301.1 87.6001815796
303.6 88.2277603149
306.4 89.5667037964
309.3 90.5188751221
311.7 91.6552963257
314.3 92.3882598877
317.0 92.6480407715
319.6 92.7391967773
322.1 94.0769042969
324.6 95.0796661377
326.9 95.4940109253
329.0 96.6137466431
331.7 97.1275024414
334.2 97.6830673218
336.6 98.056312561
339.0 98.8570785522
341.5 99.3810272217
344.2 99.7618255615
347.2 99.8779296875
349.8 99.8835449219
352.3 99.8835449219
354.8 99.8856582642
357.4 99.8944396973
359.9 99.9643478394
362.6 99.9998245239
