343.1
2.0 3.50303053856
4.3 3.72924876213
6.4 4.43655729294
9.2 5.17436408997
11.9 5.98405742645
15.3 7.01661777496
18.5 7.70733737946
22.1 7.91227436066
25.8 8.09358406067
28.9 8.34577560425
31.5 9.47803878784
33.8 10.5216588974
36.0 11.5540523529
38.5 12.4312753677
41.4 13.2443208694
44.1 14.6178836823
47.5 15.7816505432
50.1 16.8391780853
52.6 17.7472362518
55.1 19.3577423096
57.9 21.2718830109
60.5 22.6441059113
63.2 24.2844390869
65.9 25.7675914764
68.6 27.6517372131
71.4 29.3406658173
74.0 31.1009788513
77.2 32.7009277344
79.6 33.9131202698
82.5 35.1961975098
85.5 36.1196708679
88.1 37.0957603455
91.1 38.076877594
93.9 38.6102485657
96.8 39.3001327515
99.2 39.8448982239
102.1 40.3988800049
105.1 41.6551475525
108.5 42.6634101868
111.7 43.7445640564
114.3 44.8335952759
117.2 46.3269691467
120.3 48.0257873535
123.4 49.0911903381
126.4 49.8506126404
129.3 50.611541748
132.7 50.7430839539
135.4 50.7430839539
138.0 50.7950325012
140.8 51.7759819031
143.2 52.6612472534
145.6 53.2536048889
148.2 53.5460128784
151.2 54.0490531921
153.9 54.8872337341
156.9 55.8427124023
159.7 56.9813461304
162.6 57.8225402832
165.3 58.5648727417
167.8 59.1682891846
170.5 59.7752227783
173.2 60.3468017578
176.4 61.1001930237
178.9 61.9370307922
181.9 62.6289253235
184.8 63.5619468689
187.4 64.8634567261
189.9 66.1354751587
192.4 67.5358505249
194.7 69.1342849731
197.1 70.8798522949
199.4 72.4017181396
202.4 74.6385955811
205.1 76.6527786255
207.6 78.1174926758
210.1 79.2955093384
213.1 80.5697021484
215.9 81.6195220947
218.9 82.2569503784
221.7 82.5974502563
225.1 82.968788147
228.6 83.7680892944
231.8 84.0827865601
234.8 84.1253509521
237.3 84.4697036743
239.7 84.6024169922
242.7 85.3346939087
245.1 86.5435333252
247.7 87.3059768677
250.2 88.3745651245
252.6 89.5105133057
255.0 90.3356246948
257.2 91.0124359131
259.8 91.782081604
262.0 92.512008667
264.4 93.1137542725
266.7 93.4577713013
269.2 93.7002410889
271.8 93.8803787231
274.1 94.1607208252
276.4 94.3249435425
278.6 94.5893630981
281.1 94.9526519775
283.4 95.3754272461
285.8 96.0041503906
287.9 96.6963729858
290.6 97.349395752
293.0 98.059715271
295.5 98.640007019
298.4 99.0673141479
300.6 99.103843689
302.8 99.1045074463
305.1 99.1058502197
307.6 99.1789093018
310.0 99.3644104004
312.1 99.4991378784
314.3 99.632522583
316.7 99.7704315186
319.4 99.8124923706
321.6 99.8124923706
324.2 99.8126602173
326.6 99.8126602173
329.0 99.8126602173
331.3 99.8129959106
333.8 99.8129959106
336.0 99.8200302124
338.1 99.8518676758
340.6 99.9750289917
342.8 100.0
