317.5
1.7 5.25634479523
3.9 5.25634479523
6.0 5.38368701935
8.0 5.79276371002
10.1 6.15669965744
12.3 6.45915985107
14.6 6.86630439758
16.9 7.39218473434
19.2 7.99675416946
21.3 9.56631565094
23.7 11.4950704575
26.1 13.519903183
28.3 14.915927887
30.4 15.4038686752
32.7 15.6597833633
35.0 16.1194458008
37.3 16.6072101593
39.6 16.6072101593
41.7 16.6072101593
44.1 16.6771183014
46.5 16.8842029572
49.0 17.3061008453
51.2 18.2178726196
53.3 20.3614425659
55.6 22.0992717743
58.1 23.9821834564
60.3 24.8308982849
62.5 25.3601150513
64.9 25.7201881409
67.3 26.0576000214
69.6 26.2631053925
71.8 26.6814918518
74.1 27.0932025909
76.3 27.5760498047
78.5 28.1565551758
80.9 28.8338413239
83.1 29.621257782
85.7 30.7000675201
88.0 32.7558135986
90.3 33.958278656
92.8 35.2394294739
95.1 36.6814727783
97.3 38.6256866455
99.7 40.1843566895
102.3 41.7136955261
104.6 42.8857727051
107.0 43.8388214111
109.4 45.417514801
111.8 47.2180519104
114.2 48.4960403442
116.7 50.470287323
119.3 51.4535484314
121.7 52.7348747253
124.2 53.880607605
127.2 54.3850593567
130.1 56.0118789673
132.5 56.5549736023
135.3 57.1412773132
137.9 57.1685028076
140.6 58.0930938721
143.2 58.8070907593
146.2 60.2154121399
148.9 61.6323356628
151.2 61.9058151245
154.7 61.9755477905
157.9 62.0164718628
160.6 62.0164718628
163.3 62.0310516357
166.0 62.2989082336
168.5 63.2911262512
171.3 63.7581634521
173.8 64.6075820923
176.3 65.267829895
178.8 65.6284332275
181.3 66.027671814
183.9 66.3580551147
186.7 66.5937728882
189.2 66.6260910034
191.9 66.648223877
195.1 67.0028533936
197.8 67.1579437256
200.5 67.8868713379
203.2 68.2212982178
206.2 69.2302017212
208.8 69.9059066772
211.5 70.2673873901
214.0 71.911239624
216.6 72.8988952637
219.2 74.337600708
221.5 74.7960357666
223.9 75.3486099243
226.0 75.8467407227
228.3 76.7080993652
231.0 77.2671813965
233.5 77.7841033936
236.2 79.0209884644
239.4 79.5444107056
242.1 79.8393173218
244.8 80.0265579224
247.5 81.5040817261
250.0 82.4938354492
252.6 83.7289733887
255.3 84.7088928223
257.9 86.755859375
260.5 88.2263565063
263.1 89.7398910522
265.9 90.7257843018
269.1 91.8116149902
271.6 92.3259048462
274.5 92.5433502197
277.1 92.7929458618
279.6 92.8068237305
282.3 92.9106292725
284.8 93.4342269897
287.1 94.0658416748
289.5 94.2864532471
291.7 94.9433670044
294.2 95.4346389771
296.7 96.4879837036
299.3 97.0784988403
302.0 97.2648620605
304.4 97.831489563
306.9 98.1316680908
309.3 98.5951919556
311.8 98.9716033936
314.5 99.3402786255
317.1 100.0
