327.9
0.3 7.01929092407
2.4 7.01929092407
4.5 7.12239456177
6.9 7.50951576233
9.1 8.16203594208
11.5 8.39704799652
13.7 8.50384044647
16.1 8.72497749329
18.4 8.99511909485
20.6 9.14213371277
22.6 9.91215991974
24.7 10.3765649796
27.0 11.469250679
29.3 11.6282091141
31.6 12.0467710495
34.0 12.5236463547
36.1 12.9444913864
38.3 13.2427358627
40.5 13.5441417694
42.9 13.9670944214
44.8 14.4527521133
47.3 15.1284580231
49.5 16.3660507202
51.8 17.7132453918
54.4 18.5941047668
56.7 19.9943447113
58.8 21.1708126068
60.9 22.4310646057
63.1 23.5225200653
65.4 25.2800216675
67.8 27.5786838531
70.3 29.0953769684
72.5 30.285194397
75.0 30.6828536987
77.5 31.6973781586
79.8 32.6897697449
82.2 34.2879638672
84.3 35.228012085
86.4 36.0473976135
89.3 36.1977462769
91.7 36.443649292
94.1 37.3387374878
96.4 37.8985176086
98.9 38.6016235352
101.4 39.3640975952
103.7 40.2229995728
105.9 40.7047920227
108.2 41.274055481
110.3 41.8218917847
112.9 42.0788612366
115.3 43.0420951843
117.8 43.5855407715
120.1 44.2577323914
122.2 44.5306854248
124.8 44.7592010498
127.2 44.9362487793
129.5 44.9362487793
131.8 44.9362487793
134.1 44.9362487793
136.6 44.9362487793
138.7 44.9362487793
140.9 44.9362487793
143.1 44.9397621155
145.4 45.1103134155
147.6 45.4524688721
150.2 45.6700935364
152.8 46.1448631287
155.1 46.5857276917
157.4 47.0871963501
159.5 47.8653030396
161.7 48.2768363953
164.1 49.5195236206
166.6 50.0980987549
168.8 50.5807685852
171.0 51.1419525146
173.5 51.8682441711
175.7 52.36145401
178.1 52.5955886841
180.6 52.8780288696
182.9 53.1527366638
185.2 53.4580078125
187.8 53.5388031006
190.1 53.7288513184
192.4 54.1196594238
194.8 54.7170257568
197.2 55.4809074402
199.5 56.2832527161
201.7 56.6961936951
204.2 57.4630584717
206.7 57.9276390076
209.0 58.3577919006
211.1 58.7124176025
213.3 58.8659324646
215.9 58.9319763184
218.3 60.0142974854
220.7 60.7676391602
223.3 62.1250190735
225.7 63.0903625488
228.0 64.1108627319
230.2 64.8738632202
232.2 65.8014373779
234.4 66.4397354126
236.8 67.3778533936
239.1 68.2144470215
241.5 69.1525650024
243.9 70.5837173462
246.6 73.6415176392
249.2 74.85206604
251.5 75.917175293
253.6 77.1073455811
256.1 78.3712844849
258.6 79.881652832
261.1 81.2258605957
263.7 81.9930725098
266.0 83.4194869995
268.4 84.3121109009
270.8 84.3614730835
273.1 84.4011688232
275.4 84.5683822632
277.8 84.7619400024
280.1 84.7628173828
282.5 84.9922103882
284.9 85.3067932129
287.2 85.7667999268
289.5 86.4284591675
292.0 87.2764663696
294.2 87.9498901367
296.6 88.4515304565
298.7 88.9145355225
300.9 89.1534118652
303.0 89.4455108643
305.3 89.8131332397
307.3 90.0748443604
309.5 90.8060531616
311.8 92.2396621704
313.9 93.6701126099
316.1 94.6772613525
318.3 96.0602874756
320.6 97.86328125
322.8 99.2331314087
325.1 99.8378829956
327.6 99.9963150024
