343.9
1.2 6.27244377136
3.4 6.27244377136
6.0 6.47302389145
8.1 7.20513296127
10.5 7.85412788391
13.1 8.52574443817
16.0 9.05090618134
18.4 9.90550804138
20.8 10.9420900345
23.0 12.0167102814
26.0 13.5839834213
28.5 14.9094543457
31.3 16.4418735504
34.0 18.1778888702
36.4 19.3631038666
39.2 21.3772830963
41.5 22.9841022491
43.7 24.2205944061
46.2 25.7427921295
48.7 26.9953708649
51.3 28.032623291
53.8 28.7791423798
56.6 29.4262943268
59.2 29.8902931213
62.3 30.2591114044
64.8 30.4519844055
67.9 30.6190509796
70.6 30.7024993896
73.4 30.9987621307
75.7 31.5411834717
78.3 32.2483253479
80.8 32.9187660217
83.6 33.507774353
86.2 34.1695022583
88.7 34.4712944031
91.3 34.9306030273
94.2 35.5211143494
96.7 35.9862861633
99.1 36.5989189148
101.6 37.2081985474
104.3 37.7033653259
107.3 37.7375488281
110.2 37.9148368835
112.8 38.0527458191
115.7 38.2090873718
118.4 38.8493690491
121.3 39.8008270264
124.0 40.8628807068
126.6 41.6331939697
129.3 42.2666053772
131.8 42.6815071106
134.5 43.0982513428
136.9 43.6730117798
139.4 44.2807846069
142.3 44.6769180298
144.7 44.996471405
147.3 45.9549674988
150.4 46.8762626648
153.2 48.1127548218
155.7 49.5694313049
158.4 49.653049469
161.4 49.8102264404
164.5 50.7434196472
167.7 51.6347198486
170.7 52.6235427856
174.2 53.3970413208
177.1 54.2932014465
180.8 55.1481399536
183.6 55.8690223694
185.9 56.5314216614
188.4 57.1145629883
191.1 57.8337669373
193.3 58.5952033997
196.0 59.7696914673
198.8 61.0804176331
201.2 61.7662773132
204.0 62.2783699036
206.9 63.3384094238
209.5 64.6774520874
212.3 66.2301483154
215.1 67.6672210693
217.6 68.8846130371
220.0 70.2464447021
222.4 71.4306564331
225.0 73.2125854492
227.9 74.5574951172
230.6 75.569442749
233.4 76.4012527466
236.0 76.9813766479
238.6 77.5108947754
241.8 78.0186309814
245.1 78.8412246704
248.2 79.8940658569
250.8 81.1711044312
253.5 82.3956985474
256.2 84.0702209473
258.7 85.5838699341
261.3 86.1572875977
263.8 86.5698471069
266.2 87.6337432861
269.1 88.7180786133
271.3 89.3677444458
273.5 90.0229415894
276.0 90.8053207397
278.7 91.4085693359
281.1 91.808555603
283.6 92.1852493286
285.8 92.6169052124
288.1 93.2228393555
290.6 93.8535690308
293.2 94.4137496948
295.5 94.8698730469
297.8 95.1351394653
300.0 95.1956253052
302.7 95.2098693848
305.0 95.2303161621
307.4 95.5441741943
309.6 95.9312591553
311.9 96.6392364502
314.3 97.304649353
316.7 98.2016525269
319.2 98.8858337402
321.3 99.3555297852
323.3 99.683631897
325.4 99.8945999146
327.6 99.933807373
330.0 99.9348144531
332.1 99.9348144531
334.4 99.9348144531
336.6 99.9348144531
339.1 99.9348144531
341.4 99.9540863037
343.6 99.99949646
