314.5
0.3 4.20071983337
2.6 4.20071983337
5.0 4.45364809036
7.7 4.80599164963
10.7 5.35365200043
13.8 6.21220350266
16.5 8.00957584381
19.1 9.55735778809
21.6 10.3015642166
24.5 11.2407369614
27.3 13.0173835754
29.8 13.8314971924
32.8 14.1156902313
36.4 14.3881149292
39.3 15.2675685883
41.9 16.099773407
44.4 16.3563899994
47.0 16.5566253662
49.4 17.0645904541
52.2 17.6450958252
55.5 20.464017868
58.5 21.699678421
61.1 22.7581138611
64.0 24.3505096436
66.7 25.7349414825
69.3 27.2741165161
72.1 29.0955524445
74.8 31.0004196167
78.0 33.4589195251
80.9 35.2603302002
83.9 36.8938293457
87.2 38.0262107849
90.2 38.4719963074
93.2 38.8624534607
96.0 39.5353507996
99.1 40.3113479614
101.6 41.8431472778
104.3 42.7178573608
107.5 43.5138778687
110.6 44.7270584106
113.5 45.8583831787
116.5 46.8130149841
119.3 48.1006660461
121.7 49.3089256287
124.5 50.3429450989
127.7 51.5441818237
130.8 53.4348220825
133.8 54.6699562073
136.8 55.6577796936
139.8 56.3039779663
142.8 58.3865966797
145.7 60.1223182678
148.9 61.4549369812
152.3 62.8729171753
155.2 63.925907135
158.3 64.55418396
161.1 65.0605697632
164.0 65.3920135498
166.9 66.3406677246
169.9 66.8361663818
172.9 68.3433685303
176.0 69.08177948
178.8 69.8089523315
181.7 70.4925613403
184.6 72.9976043701
187.9 74.8162307739
190.9 76.0067520142
194.0 77.4343948364
197.2 78.1566467285
200.4 78.5880279541
204.0 79.5640869141
207.1 80.2106323242
210.1 80.9316558838
213.2 81.9835891724
216.2 84.0117645264
219.4 85.3491210938
222.4 87.501121521
225.5 89.1962661743
228.1 91.3976211548
231.0 92.3996734619
233.9 94.2414855957
237.1 96.2765045166
240.1 97.2544937134
243.4 97.8007507324
246.2 98.1564331055
249.0 98.1655654907
252.1 98.1655654907
254.9 98.1655654907
258.0 98.1655654907
260.8 98.1655654907
263.8 98.1655654907
266.8 99.2384033203
270.1 99.4525146484
272.8 99.5419158936
275.7 99.5463104248
278.8 99.5463104248
281.7 99.5463104248
284.3 99.5463104248
287.4 99.5463104248
290.4 99.5463104248
293.4 99.5463104248
296.2 99.5463104248
299.2 99.5463104248
301.9 99.5463104248
305.1 99.5463104248
307.9 99.7075500488
311.0 99.8909225464
314.2 99.9985961914
