133.6
0.8 13.5667352676
3.6 13.5667352676
6.6 14.3005256653
10.1 16.066734314
13.0 18.5827980042
16.0 21.0535926819
19.3 23.5192756653
22.8 26.5712623596
26.1 28.5652751923
29.6 33.1607780457
32.4 39.0143089294
35.5 43.1293792725
38.9 46.4909477234
41.9 48.6419410706
45.0 50.3869743347
47.9 52.2218170166
51.4 53.5477523804
54.5 55.6410636902
57.7 57.2378807068
61.3 58.6879386902
64.5 62.5182533264
67.9 65.6950912476
71.2 67.410194397
74.3 69.2530670166
77.3 70.8243255615
81.0 72.542350769
84.1 74.5290603638
87.4 76.2178726196
90.7 78.0081787109
94.3 79.7196273804
97.5 81.7362747192
100.4 83.7587585449
103.7 85.4249420166
106.8 87.6854553223
109.7 91.3938369751
112.9 92.4014282227
116.2 93.3812789917
119.2 94.1420822144
122.6 94.9050827026
125.8 95.9112167358
129.0 96.9297637939
132.4 97.7402191162
135.9 98.3885803223
139.2 99.3297348022
142.4 99.464805603
