172.0
0.6 12.0655670166
1.9 12.0808992386
3.3 12.5277452469
4.6 13.2067756653
6.0 13.8792352676
7.4 14.7013731003
8.7 15.3811330795
10.2 16.1441287994
11.5 16.5975475311
12.9 17.3006725311
14.2 18.1023654938
15.7 18.8295860291
17.0 19.7240066528
18.4 20.5782718658
19.8 21.5741825104
21.1 22.1517238617
22.4 22.7584705353
23.8 23.327249527
25.1 24.5947723389
26.4 27.3561630249
27.8 28.019859314
29.2 28.9347248077
30.5 30.2307243347
32.0 33.228679657
33.3 34.5356292725
34.7 35.3511962891
36.1 36.3383483887
37.5 37.1174049377
38.8 37.9322433472
40.2 38.6923179626
41.5 39.1844329834
42.9 39.661945343
44.2 40.0343170166
45.5 40.4709396362
46.9 41.0075950623
48.3 42.0443916321
49.7 44.9123840332
51.1 45.5256996155
52.4 46.1879386902
53.8 46.8136672974
55.2 47.6029510498
56.6 48.3097267151
58.0 49.1347846985
59.4 49.9693336487
60.9 50.6673469543
62.3 51.5449752808
63.6 52.5657119751
65.0 53.3075332642
66.4 53.8361549377
67.7 54.3195075989
69.1 54.894859314
70.4 55.5432243347
71.8 56.5011672974
73.3 57.6891059875
74.6 58.1155090332
76.0 58.5725746155
77.4 58.853679657
78.7 59.2085266113
80.1 59.6283569336
81.6 59.9613037109
82.9 60.495765686
84.4 60.859375
85.7 61.2507286072
87.0 61.5646896362
88.4 61.9918212891
89.7 62.3079719543
91.1 62.7241516113
92.4 63.0943336487
93.8 63.5178146362
95.1 63.9288825989
96.5 64.3611297607
97.9 64.8897476196
99.2 65.3497390747
100.5 65.7352523804
101.8 66.2390441895
103.2 66.6785888672
104.6 67.2459106445
106.1 67.9161834717
107.4 69.60572052
108.7 71.1580047607
110.1 71.4157409668
111.4 71.4157409668
112.8 71.4157409668
114.2 71.4157409668
115.5 71.4157409668
116.9 71.5544662476
118.4 71.6128768921
119.8 71.6128768921
121.2 71.613609314
122.6 71.6143417358
123.9 71.6172637939
125.3 71.8859558105
126.6 72.2787704468
127.9 72.6160888672
129.3 73.073890686
130.6 73.5740356445
131.9 74.3056335449
133.3 75.2518997192
134.6 75.62865448
136.1 76.109085083
137.4 76.4639282227
138.9 77.0013122559
140.2 77.5459976196
141.7 78.5185470581
143.1 81.5405960083
144.4 82.109375
145.8 82.7088165283
147.2 83.1454467773
148.5 83.9266967773
149.9 85.0635223389
151.3 86.9370651245
152.7 89.8094329834
154.0 90.3650665283
155.3 91.0367965698
156.8 91.8611297607
158.1 92.65625
159.4 93.3068084717
160.8 94.0026321411
162.1 94.8094329834
163.5 95.573890686
164.9 96.3405380249
166.3 97.1035308838
167.6 97.7832946777
169.1 98.4608612061
170.4 99.22240448
171.8 99.4239196777
