204.1
0.8 8.83250617981
2.3 8.93691635132
3.6 9.30928707123
5.0 9.70502376556
6.4 10.0518398285
7.8 10.4804325104
9.2 10.8601055145
10.6 11.2193336487
12.1 11.579293251
13.5 11.9618864059
14.8 12.5627918243
16.3 13.3016939163
17.7 14.1953859329
19.1 15.0642518997
20.5 15.5242404938
21.9 16.1025123596
23.3 16.7216701508
24.6 17.4080028534
26.1 18.8697433472
27.6 21.9932823181
29.0 23.7207946777
30.5 24.089515686
32.0 24.5538845062
33.4 25.0306663513
34.9 25.6030960083
36.2 27.0721378326
37.7 29.3764610291
39.0 30.0883464813
40.4 30.6848716736
41.9 31.6114196777
43.3 32.5146026611
44.7 33.3148345947
46.1 33.957359314
47.6 34.09973526
48.9 34.09973526
50.4 34.1143417358
51.8 34.1143417358
53.2 34.1187210083
54.5 34.1187210083
55.9 34.1187210083
57.3 34.1187210083
58.8 34.1187210083
60.2 34.1187210083
61.7 34.1187210083
63.0 34.1187210083
64.5 34.1187210083
65.8 34.1216430664
67.1 34.126750946
68.5 34.1953849792
69.9 34.6239776611
71.4 34.9795570374
72.7 35.3563079834
74.0 35.6410636902
75.4 36.0952110291
76.8 36.4580917358
78.3 36.8647766113
79.7 37.2451820374
81.1 37.6606292725
82.4 38.0519866943
83.8 38.4404220581
85.3 38.8113327026
86.7 39.2537956238
88.2 39.7028312683
89.6 40.1131706238
90.9 40.5541763306
92.3 40.9791183472
93.7 41.379234314
95.1 41.8793792725
96.4 42.4583816528
97.9 43.671875
99.3 46.2178726196
100.7 46.9677276611
102.1 47.513874054
103.5 47.9483070374
105.0 48.295124054
106.3 48.6704139709
107.7 49.1420860291
109.1 49.49401474
110.5 49.8714942932
111.9 50.3103103638
113.3 50.691444397
114.7 51.0754966736
116.1 51.4091720581
117.5 51.9217300415
119.0 52.7365646362
120.5 53.501750946
121.8 54.33776474
123.3 55.0883483887
124.6 55.8520736694
126.1 56.6420860291
127.5 57.4956207275
128.9 58.2586174011
130.3 59.3443336487
131.7 59.8189239502
133.2 60.4118003845
134.5 61.0302276611
135.9 61.8837623596
137.3 62.9125289917
138.6 64.567024231
140.1 67.5343170166
141.5 68.2564239502
142.9 69.0500869751
144.3 69.7794952393
145.7 70.5235137939
147.1 71.2762832642
148.6 72.2276611328
150.0 72.8767547607
151.5 73.5981292725
152.8 74.4458236694
154.3 75.2789154053
155.7 76.0835266113
157.2 76.8333816528
158.5 77.6124420166
160.1 78.3695983887
161.4 79.2348098755
162.9 80.1044082642
164.3 80.9674377441
165.7 81.7837295532
167.1 82.6796112061
168.5 83.4937210083
169.9 84.3545532227
171.4 85.4731292725
172.8 86.7523345947
174.2 89.6458816528
175.5 90.4052276611
176.9 91.2105712891
178.3 91.6114196777
179.8 91.9962005615
181.2 92.359085083
182.6 92.7066268921
184.1 93.2783279419
185.4 93.6813659668
186.9 94.0814819336
188.2 94.4691848755
189.6 94.8269577026
191.1 95.1891098022
192.4 95.5746231079
193.9 95.9360427856
195.2 96.2755584717
196.8 97.1152191162
198.3 97.9380874634
199.6 98.5616226196
201.2 99.0172348022
202.5 99.3268127441
203.9 99.4538574219
