176.3
1.4 8.81901264191
2.8 9.33362483978
4.2 10.1823339462
5.6 10.9189500809
7.1 11.6883211136
8.5 12.4198417664
9.8 13.300579071
11.2 14.0393781662
12.7 14.9375839233
14.1 15.8903808594
15.5 16.7623825073
16.8 17.3803539276
18.3 18.0245304108
19.7 18.8375740051
21.1 20.2896976471
22.4 23.1604614258
23.8 23.469083786
25.2 24.4087791443
26.7 25.1504898071
28.2 25.5966815948
29.6 25.9970149994
31.1 26.3449420929
32.6 26.7045173645
34.0 27.1492519379
35.4 27.5095539093
36.8 28.3007602692
38.3 29.1443748474
39.7 29.8860874176
41.1 30.6911239624
42.4 31.4692287445
43.9 32.1992950439
45.3 32.9519233704
46.6 33.7111053467
48.0 34.4731941223
49.5 35.1996231079
50.8 35.9631690979
52.3 36.7026977539
53.7 37.4640617371
55.2 38.2669143677
56.5 38.9751434326
57.9 39.7314109802
59.4 40.5197067261
60.7 41.3342056274
62.2 42.190196991
63.6 42.9668464661
65.0 43.7362174988
66.4 44.5441627502
67.8 45.3084411621
69.2 46.0792655945
70.5 46.7918624878
71.9 47.6660461426
73.4 48.5919151306
74.9 50.330821991
76.3 53.1338920593
77.7 53.8406677246
79.1 54.5707321167
80.6 55.3189926147
82.0 55.9995651245
83.4 56.9334335327
84.9 57.8680343628
86.3 58.7706069946
87.7 59.6702690125
89.0 60.4403686523
90.5 61.1835365295
91.8 62.0584487915
93.2 62.5796127319
94.6 63.0694770813
96.0 63.4152183533
97.3 63.859954834
98.7 64.2304458618
100.1 64.6147689819
101.5 65.0019989014
103.0 65.36302948
104.4 65.7276992798
105.7 66.1593322754
107.1 66.5465698242
108.5 66.9621887207
109.9 67.3552398682
111.4 67.6980743408
112.8 68.0976791382
114.2 68.4528884888
115.5 68.8459472656
117.0 69.2601089478
118.3 69.6451568604
119.8 70.1306533813
121.1 70.4545593262
122.6 70.9502487183
124.0 71.2646942139
125.3 71.7356338501
126.8 72.4060134888
128.3 75.3240890503
129.7 76.3300247192
131.2 76.7274475098
132.5 76.7274475098
133.9 76.7274475098
135.4 76.7965927124
136.7 77.1743621826
138.1 77.5266571045
139.4 77.912437439
140.9 78.3120422363
142.3 78.7174758911
143.6 79.0508422852
145.1 79.4329833984
146.5 80.0538635254
147.9 80.8683624268
149.2 81.6981506348
150.6 82.3889083862
152.0 83.2696456909
153.3 84.1263580322
154.8 85.1162796021
156.1 85.7036819458
157.5 86.3755111694
159.0 87.2373275757
160.5 89.9108352661
161.9 90.661277771
163.4 91.0849075317
164.7 91.6373672485
166.2 92.895149231
167.7 95.5679321289
169.0 96.2688827515
170.5 96.923248291
171.8 97.6984405518
173.3 98.5122070312
174.8 99.3783874512
176.1 99.514503479
