180.6
0.2 9.46188640594
1.5 9.46188640594
2.8 9.66413593292
4.1 10.0503797531
5.6 10.8418512344
6.9 11.5668811798
8.3 12.2889890671
9.7 12.9877338409
11.0 13.8390769958
12.3 14.6626749039
13.6 15.4592580795
15.0 16.6581478119
16.3 17.5671730042
17.6 18.1461734772
18.9 18.6149234772
20.4 19.2202110291
21.7 20.0795860291
23.0 20.6023654938
24.3 20.9740066528
25.8 22.6416473389
27.1 23.7478103638
28.4 24.1756725311
29.8 25.1029491425
31.1 26.5785636902
32.4 27.1495323181
33.7 27.8373241425
35.0 28.509054184
36.3 29.1063079834
37.6 29.8912086487
38.9 30.6374130249
40.3 31.1185741425
41.6 31.5931663513
42.9 31.6647205353
44.2 31.6895446777
45.5 31.7267818451
46.8 31.8406829834
48.1 32.1188659668
49.4 32.4992713928
50.7 33.3915023804
52.0 34.95911026
53.3 35.2650413513
54.6 35.6417922974
55.9 36.0280380249
57.3 36.3682823181
58.7 36.75963974
60.3 37.1247062683
61.6 37.5934562683
62.9 37.957069397
64.3 38.2943916321
65.6 38.6360969543
67.1 38.9887542725
68.4 39.4429016113
69.7 39.8466720581
71.0 40.298625946
72.4 40.6206207275
73.7 40.9915313721
75.0 41.4405670166
76.3 41.9516639709
77.6 42.4561920166
78.9 43.4280090332
80.2 46.0331497192
81.5 46.7136383057
82.9 47.2999420166
84.2 47.7358360291
85.6 48.1454429626
86.9 48.5879096985
88.2 48.8865356445
89.5 49.2983360291
90.8 49.6064529419
92.1 50.0248260498
93.5 50.8170280457
94.9 51.4865646362
96.2 52.1582946777
97.5 52.876750946
98.9 53.6981582642
100.2 54.3728103638
101.5 55.1226654053
102.9 55.8060760498
104.2 56.693195343
105.5 57.5043792725
106.9 58.1417922974
108.2 58.6068916321
109.5 59.17786026
110.8 59.7619743347
112.1 60.7498550415
113.4 62.1298179626
114.7 65.5454177856
116.0 66.1098098755
117.4 66.7596359253
118.7 67.578125
120.1 68.3141098022
121.4 68.9632034302
122.7 69.7203598022
124.1 70.4490356445
125.5 71.2748260498
126.9 71.9480133057
128.2 72.6540603638
129.5 73.2381744385
130.8 74.2172927856
132.2 75.011680603
133.5 75.6870651245
134.9 76.417930603
136.3 77.0626449585
137.6 77.8117675781
139.0 78.5462875366
140.3 79.182975769
141.6 79.9459686279
142.9 80.6169662476
144.2 81.3054885864
145.5 82.1882324219
146.8 83.0651321411
148.2 83.9442138672
149.5 84.6502609253
150.8 85.4986877441
152.1 86.3748550415
153.5 87.3882904053
154.9 88.7178726196
156.2 91.433265686
157.5 92.0867385864
158.9 92.5803146362
160.3 92.9373550415
161.6 93.2987747192
162.9 93.8748550415
164.2 94.2391967773
165.6 94.6217880249
167.0 95.0306625366
168.4 95.3438949585
169.8 95.7308731079
171.1 96.0689239502
172.4 96.5960845947
173.7 97.2846069336
175.1 97.980430603
176.5 98.6280670166
177.8 99.0551986694
179.1 99.2983322144
180.4 99.4392547607
