181.9
1.2 4.27209711075
3.1 4.27209711075
5.1 4.68071603775
7.2 5.16675710678
8.9 5.67741107941
10.7 6.08268451691
12.9 6.57923984528
14.7 7.22227668762
16.6 7.78191709518
18.5 8.41228961945
20.4 9.14015579224
22.3 10.0900154114
23.9 11.0556459427
25.8 12.4669342041
27.8 14.2316417694
29.9 15.0044326782
31.6 15.9301576614
33.5 16.7438106537
35.4 17.8035907745
37.3 19.1049575806
39.2 19.8242225647
41.0 20.6971378326
43.0 21.5953807831
44.7 22.5380725861
46.7 23.4085979462
48.5 24.2425613403
50.3 25.3859767914
52.0 26.3812389374
53.8 27.3776950836
55.4 28.3748683929
57.2 29.3206653595
59.1 30.3928718567
60.7 31.5869464874
62.4 32.5181655884
64.2 33.5177307129
65.9 34.4037857056
67.6 35.5589103699
69.6 36.3986129761
71.4 37.9191017151
73.2 39.21616745
74.8 40.5433425903
76.6 41.5973892212
78.2 43.1563529968
80.1 44.73777771
81.7 47.1995277405
83.5 48.9326934814
85.2 50.7497329712
86.9 52.2793045044
88.9 53.4079055786
90.6 54.2609863281
92.5 55.5699996948
94.2 56.6034927368
96.0 57.489074707
97.7 58.3813438416
99.4 59.5854568481
101.2 60.7467918396
103.0 62.7408981323
104.7 64.2687988281
106.5 65.2234344482
108.4 66.211769104
110.3 67.515045166
112.3 68.7717285156
114.2 70.6965408325
116.2 71.840675354
118.1 72.4722366333
119.9 73.0182571411
121.8 73.5456390381
123.8 74.2099456787
125.7 74.8792648315
127.4 75.8826522827
129.3 76.8078994751
131.1 77.8827362061
133.1 79.3707275391
134.8 80.4907226562
136.7 81.8040390015
138.7 83.5321884155
140.7 84.5329437256
142.4 85.3523330688
144.2 85.8405227661
146.3 86.3817672729
148.2 87.5313949585
150.2 89.070526123
152.2 89.8569335938
154.1 90.6634216309
155.9 91.3669128418
157.6 91.8080291748
159.2 92.3459243774
161.0 92.8685302734
162.6 93.2991333008
164.3 93.871673584
166.0 94.34815979
167.7 95.0693359375
169.3 95.5439071655
170.9 96.2753601074
172.6 97.2629699707
174.3 98.5758056641
176.1 99.2286453247
178.1 99.7077560425
180.1 99.9280700684
181.7 99.9973678589
