208.2
1.3 4.76220083237
3.2 4.76220083237
5.0 4.81835603714
6.8 5.32255792618
8.7 5.8544793129
10.6 6.37349653244
12.5 6.94914722443
14.1 7.49325561523
16.1 8.18050003052
17.9 8.90502166748
19.7 9.98630809784
21.6 11.4095439911
23.4 12.3825817108
25.3 13.6268377304
27.2 14.012755394
29.0 14.6185150146
30.9 15.7029075623
32.6 16.6594581604
34.5 17.1070270538
36.1 18.2604789734
38.1 19.052148819
40.1 20.1771640778
41.9 21.5779380798
43.6 22.4807224274
45.5 23.5416965485
47.4 25.1909866333
49.3 26.0572109222
51.2 26.8096904755
53.1 27.4515323639
54.9 28.0130844116
56.8 28.510597229
58.6 29.2489776611
60.5 30.1216545105
62.2 31.0705566406
64.2 31.7030792236
65.8 32.5112380981
67.8 33.3282356262
69.8 34.5211143494
71.8 35.335723877
73.7 36.42943573
75.7 37.7699928284
77.7 38.9545097351
79.5 40.8776473999
81.4 42.9649467468
83.2 45.1191558838
85.0 46.5739364624
87.0 49.0700950623
88.7 50.8907165527
90.3 52.9221000671
92.0 54.2222747803
93.8 55.6208992004
95.8 56.7017059326
97.5 58.3708305359
99.4 59.7348022461
101.3 60.5625572205
103.0 61.6851806641
104.9 62.7616882324
106.8 63.2890701294
108.6 63.971534729
110.5 64.5674972534
112.5 65.1218795776
114.2 65.6894073486
116.0 66.3549041748
117.9 67.055770874
119.8 67.8092041016
121.5 68.7237014771
123.4 70.0112075806
125.2 71.6456832886
126.8 73.5016708374
128.5 74.5533294678
130.4 75.6186065674
132.4 76.669303894
134.3 77.0557022095
136.2 77.4064865112
137.8 77.9178619385
139.8 78.5233840942
141.5 79.3556747437
143.5 80.0562973022
145.4 80.9767684937
147.2 81.9053573608
149.2 82.9529495239
150.9 84.0595703125
152.5 85.4192428589
154.4 86.6477279663
156.3 88.3235397339
158.0 89.2093582153
159.7 90.5740509033
161.7 91.3112335205
163.3 91.7862854004
165.2 91.9788818359
167.1 92.2221450806
168.8 92.4685134888
170.8 93.0044937134
172.5 93.5220794678
174.2 94.2575912476
175.9 94.9125747681
177.8 95.6091384888
179.7 96.0392684937
181.7 96.2798995972
183.7 96.48802948
185.6 96.8581771851
187.6 97.1759872437
189.2 97.6099395752
191.1 98.4097290039
192.9 98.8745040894
194.8 99.4308013916
196.6 99.5963973999
198.5 99.5966415405
200.4 99.6219711304
202.3 99.7161178589
204.0 99.8398971558
206.0 99.9445648193
208.0 99.9990463257
