197.3
1.9 4.98682165146
3.8 5.13855981827
5.5 5.60596227646
7.5 6.1029958725
9.2 6.60791492462
10.8 7.1216750145
12.8 7.67988204956
14.9 8.32674217224
16.8 9.13370418549
18.4 10.0732889175
20.4 11.5220928192
22.2 12.9133081436
23.9 14.0275707245
25.6 15.0579595566
27.4 16.1139163971
29.2 16.996389389
31.2 17.9995365143
33.2 18.712348938
35.0 19.7577915192
37.0 20.9403972626
38.8 22.2367458344
40.4 23.6150569916
42.4 24.6791381836
44.3 25.8727359772
46.1 26.5991687775
47.8 27.3896427155
49.5 28.2188282013
51.2 28.8671226501
53.2 29.6607036591
54.9 30.9255104065
56.8 31.9021320343
58.5 32.9487686157
60.4 33.979637146
62.3 35.3502998352
64.1 36.4509429932
66.1 37.9472999573
68.1 39.2317008972
70.1 40.8155174255
72.0 42.1739959717
73.9 43.1967353821
75.6 44.6068305969
77.5 45.7626724243
79.2 46.9533996582
80.9 48.4265785217
82.7 50.3179359436
84.4 52.9928321838
86.1 55.3030815125
87.9 56.7408943176
89.9 58.0343780518
91.6 59.1089706421
93.4 59.6851005554
95.3 60.3078269958
97.0 60.8440475464
98.7 61.3991470337
100.6 61.9975013733
102.4 62.6833114624
104.1 63.4023361206
105.9 64.5651092529
107.7 65.142906189
109.6 65.9644470215
111.2 66.5541992188
112.9 67.344909668
114.9 68.3674163818
116.6 70.7063369751
118.4 71.5011138916
120.2 72.5991287231
122.0 73.411819458
123.6 74.5925140381
125.6 75.4587402344
127.7 76.570854187
129.7 76.9921340942
131.7 77.3233337402
133.5 77.8660049438
135.4 78.3776168823
137.3 79.1038131714
139.1 80.199432373
140.7 80.8092575073
142.7 81.595664978
144.6 82.5266494751
146.6 83.7881088257
148.4 84.9817047119
150.4 86.4842758179
152.4 88.4167327881
154.4 89.5099716187
156.3 90.6727371216
158.0 92.2627716064
160.0 92.799949646
161.6 93.1168060303
163.2 93.4750061035
165.2 93.9361953735
166.8 94.4690704346
168.6 95.1833190918
170.6 95.6031646729
172.5 95.9620819092
174.5 96.2285232544
176.4 96.4046325684
178.3 96.7408447266
180.1 96.9489822388
182.0 97.1891326904
183.9 97.4613037109
185.8 97.6914215088
187.6 98.2599029541
189.6 98.7385406494
191.4 99.2169342041
193.3 99.7404937744
195.3 99.9749069214
197.1 100.0
