613.6
0.9 4.92069673538
2.4 4.92069673538
4.0 4.92069673538
5.6 4.92069673538
7.2 4.92069673538
8.8 4.92069673538
10.4 4.97612047195
12.1 5.16173171997
13.7 5.50583124161
15.2 5.64073514938
16.9 5.81313896179
18.5 6.11973905563
20.2 6.32445383072
21.8 6.79331588745
23.5 6.96383285522
25.1 7.33977174759
26.7 7.54566574097
28.2 8.0558013916
29.8 8.38126945496
31.4 9.47535991669
33.0 10.218747139
34.6 10.6637897491
36.1 11.1607170105
37.6 11.1868963242
39.2 11.1868963242
40.8 11.1944437027
42.4 11.4432611465
44.0 11.8248605728
45.5 12.2724971771
47.1 13.0972509384
48.6 13.0972509384
50.2 13.4510202408
51.8 13.7679977417
53.3 14.3859148026
54.8 14.6436948776
56.4 14.8194007874
58.0 14.9901533127
59.5 15.2701025009
61.1 15.3927431107
62.6 15.6245794296
64.1 15.8561811447
65.7 15.9788208008
67.3 16.1950912476
68.9 16.4097118378
70.5 16.609003067
72.1 16.8097076416
73.7 17.0089969635
75.5 17.1929569244
77.0 17.3769168854
78.6 17.5620574951
80.2 17.8379974365
81.8 18.0526180267
83.3 18.2219543457
84.9 18.3320941925
86.5 18.5601577759
88.1 18.7886943817
89.6 19.1002464294
91.2 19.2570838928
92.8 19.6471748352
94.3 20.1410369873
95.9 20.4054203033
97.4 20.8634338379
99.0 22.3466701508
100.5 22.8433628082
102.1 22.9832191467
103.7 23.187461853
105.3 23.5615139008
106.9 23.7537288666
108.5 23.9459438324
110.1 24.3438167572
111.6 24.5365028381
113.2 24.9341392517
114.8 25.1772975922
116.4 25.440738678
117.9 25.6860179901
119.5 26.3421421051
121.0 26.7409591675
122.7 27.1878871918
124.2 27.8770294189
125.8 28.8246593475
127.4 30.0437488556
129.0 30.9758148193
130.5 31.7364177704
132.0 31.7364177704
133.5 32.4274482727
135.1 33.0187149048
136.7 33.7260169983
138.2 34.5219993591
139.8 34.5219993591
141.4 35.3323669434
142.9 36.0986328125
144.5 36.8120651245
146.0 37.4655952454
147.5 37.4655952454
149.1 38.0198364258
150.7 38.3957748413
152.3 38.7047309875
153.9 38.9754829407
155.5 39.2273674011
157.1 39.497177124
158.6 39.7783050537
160.2 40.074054718
161.7 40.4169769287
163.3 40.8254623413
164.9 41.9259223938
166.4 42.5301589966
168.0 43.2155265808
169.6 43.5612792969
171.2 43.6169395447
172.8 43.6558532715
174.4 43.7200050354
176.0 43.9438209534
177.5 44.2018356323
179.1 44.4181098938
180.6 44.6912193298
182.2 44.9563102722
183.7 45.1848449707
185.3 45.4025306702
186.9 45.9117240906
188.4 46.2522850037
190.0 46.6199684143
191.5 47.0624160767
193.1 47.8725471497
194.7 48.3322143555
196.3 48.7541427612
197.9 48.8524894714
199.6 48.8645172119
201.1 48.8645172119
202.6 48.8645172119
204.1 48.8645172119
205.7 48.8645172119
207.3 48.8652267456
208.9 48.9673461914
210.5 49.1605033875
212.0 49.3307876587
213.6 49.5347938538
215.2 49.9022407532
216.8 50.0291252136
218.3 50.2272377014
219.8 50.5517616272
221.3 50.7137870789
222.9 51.0185012817
224.5 51.1621322632
226.1 51.4430236816
227.7 51.7682571411
229.2 51.9451408386
230.7 52.3161277771
232.3 52.4449005127
233.9 52.6088142395
235.5 52.8076324463
237.1 53.134513855
238.7 53.6616325378
240.3 53.7661094666
241.9 53.9870986938
243.5 54.2028999329
245.1 54.4144515991
246.7 54.5319023132
248.3 54.8102035522
249.9 55.1344909668
251.4 55.3269424438
253.0 55.8920288086
254.5 56.2486305237
256.1 57.4870567322
257.7 58.0587501526
259.3 58.4858665466
260.9 58.7844467163
262.4 58.9379844666
263.9 58.9832649231
265.4 58.9889259338
267.0 59.008972168
268.5 59.1493034363
270.1 59.4195823669
271.6 60.0129699707
273.1 60.6636695862
274.7 61.0851287842
276.2 61.483001709
277.7 61.6714439392
279.3 61.7926673889
280.9 61.8813438416
282.6 61.9417228699
284.1 61.9839401245
285.6 62.097618103
287.1 62.5671882629
288.6 63.1214256287
290.3 63.4237785339
291.9 63.546421051
293.5 63.8006629944
295.1 64.02684021
296.7 64.1322631836
298.2 64.3414611816
299.8 64.5494766235
301.3 64.7435760498
302.8 64.8633880615
304.4 65.0565414429
305.9 65.2506484985
307.5 65.5336608887
309.1 65.6971054077
310.7 65.8754043579
312.3 66.03931427
313.9 66.2176132202
315.4 66.3963851929
316.9 66.5751571655
318.5 66.7765731812
320.1 67.0102920532
321.6 67.1369476318
323.2 67.3930740356
324.8 67.7190093994
326.4 67.9645309448
327.9 68.4862213135
329.5 68.8289031982
331.1 69.6725311279
332.6 70.3409194946
334.2 71.0097732544
335.7 71.3385467529
337.3 71.7649536133
338.8 71.9592895508
340.4 72.1684875488
341.9 72.317779541
343.4 72.3932495117
345.0 72.3965530396
346.5 72.3967895508
348.0 72.3967895508
349.6 72.3967895508
351.1 72.3967895508
352.8 72.3967895508
354.3 72.3967895508
355.8 72.3967895508
357.4 72.3967895508
358.9 72.4241485596
360.4 72.4941940308
362.0 72.6354675293
363.6 73.072013855
365.1 73.3743743896
366.7 73.7741317749
368.2 74.9217605591
369.7 75.4936828613
371.3 75.7295303345
372.8 76.0677337646
374.4 76.2328262329
376.0 76.3814086914
377.6 76.7130126953
379.2 76.8476791382
380.8 77.0497970581
382.4 77.434463501
383.9 77.6679534912
385.5 77.9342193604
387.0 78.6771392822
388.6 79.1559066772
390.1 79.7155685425
391.6 80.4808883667
393.2 81.1120147705
394.8 81.6594161987
396.4 81.9072875977
397.9 81.985824585
399.4 81.985824585
401.1 81.985824585
402.7 81.985824585
404.2 82.0426635742
405.8 82.1759185791
407.5 82.2964324951
408.9 82.4730834961
410.5 82.9098739624
412.1 83.1112823486
413.6 83.3313293457
415.2 83.6556167603
416.7 83.8230667114
418.2 84.1225891113
419.7 84.2638626099
421.2 84.4787216187
422.8 84.5999450684
424.3 84.7327270508
425.9 85.0728149414
427.6 85.2626724243
429.1 85.5692749023
430.6 85.6876678467
432.2 85.7909698486
433.8 86.1195068359
435.4 86.3263397217
437.0 86.8352966309
438.5 86.9661941528
440.1 87.1968460083
441.7 87.4244384766
443.3 87.5444869995
444.9 87.7635879517
446.5 87.996131897
448.2 88.2468338013
449.9 88.5100402832
451.5 88.6699447632
453.2 88.7916412354
454.8 89.1119232178
456.3 90.0161590576
457.9 90.0887985229
459.5 90.3071899414
461.1 90.5015258789
462.6 90.6932678223
464.2 90.9008178711
465.8 91.1062393188
467.4 91.3618927002
468.9 91.4590606689
470.5 91.6944351196
472.2 91.9465560913
473.7 92.2515029907
475.3 92.4095230103
476.9 92.8408889771
478.5 93.3538513184
480.1 93.6953582764
481.7 94.6571350098
483.2 94.7863845825
484.8 94.8594970703
486.4 94.8981704712
488.0 95.0359039307
489.6 95.1870880127
491.2 95.4828338623
492.8 95.6347198486
494.4 95.7826004028
496.0 96.0877838135
497.6 96.2141952515
499.1 96.4851837158
500.7 96.7243347168
502.2 96.8370666504
503.7 97.0266876221
505.3 97.2889480591
506.9 97.5127639771
508.4 97.7339859009
510.0 97.8927154541
511.5 98.2070999146
513.1 98.3007278442
514.7 98.4389343262
516.3 98.705909729
517.8 99.1094436646
519.5 99.4181671143
521.1 99.4318466187
522.7 99.4332580566
524.2 99.4344406128
525.8 99.4349136353
527.4 99.4349136353
529.0 99.4349136353
530.6 99.4349136353
532.1 99.4349136353
533.6 99.4349136353
535.1 99.4349136353
536.6 99.4349136353
538.1 99.4349136353
539.7 99.4349136353
541.3 99.4349136353
542.8 99.4349136353
544.4 99.4349136353
546.0 99.4349136353
547.6 99.4349136353
549.1 99.4349136353
550.7 99.4349136353
552.3 99.4349136353
554.0 99.4349136353
555.5 99.4349136353
557.1 99.4349136353
558.6 99.4349136353
560.1 99.4349136353
561.7 99.4349136353
563.2 99.4349136353
564.8 99.4349136353
566.4 99.4349136353
567.9 99.4349136353
569.5 99.4349136353
571.1 99.4349136353
572.7 99.4349136353
574.3 99.4349136353
575.9 99.4349136353
577.5 99.4349136353
579.0 99.4349136353
580.6 99.4349136353
582.1 99.4349136353
583.6 99.4349136353
585.1 99.4349136353
586.7 99.4349136353
588.3 99.4349136353
589.9 99.4349136353
591.5 99.5233535767
593.1 99.5233535767
594.8 99.5233535767
596.4 99.5238265991
598.0 99.5238265991
599.5 99.5238265991
601.0 99.5238265991
602.5 99.5238265991
604.1 99.5238265991
605.7 99.5238265991
607.2 99.6412811279
608.8 99.9070739746
610.2 99.9735870361
611.8 99.9735870361
613.3 99.9997634888
