613.4
1.0 5.86161518097
2.5 5.86161518097
4.0 5.9368929863
5.6 6.11854171753
7.1 6.29668331146
8.7 6.63777112961
10.2 6.81544542313
11.8 6.99335336685
13.4 7.18879508972
15.0 7.38423681259
16.5 7.74122190475
18.1 7.92871522903
19.6 8.12672805786
21.2 8.52088451385
22.8 8.74391269684
24.4 9.02000904083
25.9 9.63532352448
27.5 9.99838733673
29.1 10.4573011398
30.7 11.4249248505
32.2 11.6521606445
33.7 11.8952941895
35.2 12.1141138077
36.8 12.4905023575
38.3 12.6723852158
39.8 12.8470201492
41.4 13.0459690094
42.9 13.2374362946
44.5 13.5729131699
46.1 13.7192602158
47.7 14.0283203125
49.1 14.1536273956
50.6 14.4388418198
52.2 14.7090930939
53.8 14.8596487045
55.4 15.1397199631
57.0 15.4978733063
58.6 15.8583660126
60.1 16.0014400482
61.7 16.2001552582
63.2 16.3025512695
64.8 16.6067008972
66.4 17.26994133
67.9 17.5161132812
69.5 17.6030807495
71.2 17.8314857483
72.9 18.1029052734
74.5 18.2450447083
76.1 18.535402298
77.7 18.906414032
79.3 19.1065330505
80.9 19.6821041107
82.5 20.1968917847
84.1 21.7283973694
85.6 22.2085857391
87.2 22.5774936676
88.8 23.0499668121
90.4 23.4999961853
92.0 23.9647541046
93.6 24.3806533813
95.2 24.7523670197
96.8 25.1014022827
98.3 25.4497375488
99.9 25.7826442719
101.5 26.040271759
103.1 26.2978992462
104.9 26.4737033844
106.4 26.7675666809
108.0 27.0153751373
109.6 27.1390457153
111.1 27.3669834137
112.6 27.4904212952
114.2 27.7354240417
115.8 27.9346065521
117.4 28.1321525574
118.9 28.3313350677
120.4 28.528881073
122.2 28.7112293243
123.9 28.9847545624
125.7 29.0621376038
127.3 29.3660526276
128.9 29.5787944794
130.5 29.7475852966
132.1 29.9671077728
133.7 30.081659317
135.2 30.3247928619
136.8 30.6174888611
138.3 30.7423286438
139.9 31.1561222076
141.5 31.4081382751
143.1 32.0557136536
144.7 32.4388847351
146.2 33.857006073
147.9 34.274307251
149.5 34.4302368164
151.0 34.8208885193
152.6 35.0128211975
154.2 35.1909637451
155.8 35.5722618103
157.3 35.7618598938
158.9 36.1146354675
160.4 36.3325233459
162.1 36.5120658875
163.6 36.9616279602
165.2 37.2870521545
166.7 37.6103744507
168.3 37.9563713074
169.8 38.8784065247
171.3 39.6108474731
172.8 39.6108474731
174.4 40.6107330322
176.0 41.6901016235
177.5 42.2280349731
179.0 42.6266326904
180.6 42.8707008362
182.1 43.1231880188
183.8 43.3593063354
185.3 43.7698287964
186.9 43.9858436584
188.5 44.188999176
190.1 44.6046638489
191.6 44.8784217834
193.2 45.1245956421
194.8 45.5610656738
196.3 46.3919258118
197.8 46.9036750793
199.4 47.5521850586
200.8 48.1195755005
202.4 48.6086463928
204.0 48.8594932556
205.5 49.0818214417
207.1 49.2896537781
208.9 49.4395065308
210.5 49.7551116943
212.0 50.0683822632
213.6 50.175453186
215.2 50.38048172
216.8 50.4938659668
218.4 50.7708969116
220.0 50.9502067566
221.6 51.2919960022
223.2 51.4130935669
224.8 51.6410331726
226.4 51.7801322937
228.0 51.9624824524
229.5 52.1626014709
231.1 52.7082481384
232.6 52.8379974365
234.2 53.0837020874
235.8 53.3069610596
237.4 53.4116973877
239.0 53.6464157104
240.5 53.8806648254
242.1 54.134552002
243.6 54.2963294983
245.2 54.4936408997
246.8 54.5693855286
248.4 54.982711792
250.0 55.8362503052
251.6 55.9038124084
253.2 56.0863952637
254.8 56.2972679138
256.4 56.5186576843
257.8 56.7066192627
259.4 56.9280128479
261.0 57.1479988098
262.6 57.2602157593
264.2 57.4953994751
265.8 57.7266120911
267.4 58.0045776367
269.0 58.3505744934
270.6 58.5420417786
272.2 58.9539642334
273.8 59.6223487854
275.3 60.2369613647
277.0 60.6477165222
278.5 60.8894462585
280.0 60.9132919312
281.6 60.915397644
283.1 60.915397644
284.7 60.9170341492
286.3 60.9640235901
287.9 61.1840133667
289.5 61.3013725281
291.1 61.5671806335
292.6 62.0274963379
294.2 62.1679992676
295.8 62.4078598022
297.4 62.5355072021
299.0 62.7568969727
300.5 62.944858551
302.3 63.1847190857
304.0 63.2990379333
305.5 63.5732650757
307.1 63.879283905
308.6 64.1773529053
310.1 64.2374420166
311.7 64.3501205444
313.3 64.5796966553
314.9 65.0802230835
316.5 65.5330581665
318.1 65.7327041626
319.7 65.9377365112
321.2 66.1217193604
322.8 66.3183288574
324.4 66.5228881836
326.0 66.7360992432
327.5 66.8595352173
329.1 67.1410064697
330.6 67.4748535156
332.3 67.8907470703
333.8 68.0852584839
335.4 68.7131958008
336.9 69.2333602905
338.5 69.9043121338
340.1 70.4151229858
341.6 70.5109786987
343.2 70.5308456421
344.8 70.5350570679
346.4 70.5577316284
348.0 70.6334762573
349.7 70.784034729
351.2 71.1466293335
352.8 72.6596679688
354.5 72.9738693237
356.0 73.3247756958
357.6 73.6191101074
359.2 73.9244308472
360.8 74.1869659424
362.3 74.4457626343
363.8 74.894859314
365.4 75.055229187
367.0 75.1957321167
368.7 75.2361755371
370.2 75.2466964722
371.7 75.2466964722
373.3 75.2466964722
374.9 75.2466964722
376.5 75.4673919678
378.1 76.2257766724
379.7 76.3510818481
381.3 76.638633728
382.9 76.7433700562
384.5 76.9806594849
386.0 77.2041549683
387.6 77.3219833374
389.3 77.5291137695
390.9 77.7362442017
392.5 77.9433746338
394.0 78.1201095581
395.6 78.3115768433
397.1 78.459564209
398.6 78.6804885864
400.0 78.8572235107
401.6 79.0197067261
403.2 79.1817169189
404.8 79.3441925049
406.3 79.5214004517
407.9 79.7367172241
409.7 79.9700317383
411.3 80.1142730713
412.9 80.437828064
414.5 80.8354873657
416.0 81.0190124512
417.6 81.3341445923
419.2 82.1752929688
420.8 82.9514541626
422.3 83.903175354
423.8 84.6870498657
425.4 85.0928955078
426.9 85.4138793945
428.5 85.6083831787
430.0 85.8063964844
431.5 85.8868179321
433.1 85.8868179321
434.6 85.9008407593
436.2 86.1944732666
437.7 86.6180877686
439.2 87.0211257935
440.8 87.443572998
442.3 87.8526916504
443.9 88.0934829712
445.4 88.3083267212
446.9 88.51171875
448.5 88.6697540283
450.0 88.8280258179
451.6 89.1817398071
453.1 89.3753128052
454.7 89.5698165894
456.3 90.1215438843
457.9 90.4946594238
459.5 90.9449234009
461.0 91.4807510376
462.6 92.075958252
464.2 92.387588501
465.7 92.6323623657
467.2 93.0662612915
468.8 93.2740936279
470.3 93.5046005249
471.9 93.7376861572
473.5 93.9997558594
475.1 94.7679595947
476.7 95.2645111084
478.4 95.7521820068
480.0 96.3480911255
481.8 96.3480911255
483.6 97.1639938354
485.4 97.775100708
487.0 98.3317337036
488.4 98.8334274292
490.0 98.8698959351
491.6 98.8698959351
493.2 98.8712997437
494.7 98.8712997437
496.4 98.8712997437
497.8 98.8712997437
499.4 98.8712997437
500.9 98.8712997437
502.5 98.885559082
504.0 98.885559082
505.6 98.9339523315
507.2 99.0365829468
508.8 99.1195755005
510.4 99.1202774048
512.0 99.1202774048
513.5 99.1202774048
515.1 99.120513916
516.6 99.120513916
518.0 99.120513916
519.6 99.120513916
521.1 99.120513916
522.7 99.1214447021
524.3 99.1303329468
525.9 99.1303329468
527.5 99.4419631958
529.1 99.4803009033
530.7 99.4831085205
532.3 99.4831085205
533.9 99.4831085205
535.5 99.4831085205
537.0 99.4831085205
538.6 99.4831085205
540.2 99.4831085205
541.8 99.4831085205
543.3 99.4831085205
544.8 99.4831085205
546.4 99.4831085205
548.0 99.4831085205
549.5 99.4831085205
551.0 99.4831085205
552.5 99.4831085205
554.0 99.4831085205
555.6 99.4831085205
557.0 99.4831085205
558.6 99.4831085205
560.1 99.4831085205
561.7 99.4831085205
563.6 99.4831085205
565.4 99.4842758179
567.0 99.5455245972
568.6 99.6467590332
570.2 99.6715393066
571.8 99.6974868774
573.3 99.7101135254
574.9 99.7101135254
576.5 99.7101135254
578.1 99.7101135254
579.6 99.7101135254
581.2 99.7101135254
582.8 99.7101135254
584.6 99.7101135254
586.1 99.7101135254
587.7 99.7101135254
589.3 99.7101135254
590.9 99.7101135254
592.5 99.7101135254
594.1 99.7101135254
595.6 99.7101135254
597.1 99.7101135254
598.8 99.7101135254
600.3 99.7101135254
601.8 99.7101135254
603.5 99.7101135254
605.1 99.717590332
606.8 99.7760391235
608.4 99.8499145508
610.0 99.8962020874
611.5 99.921913147
613.0 99.9714813232
