648.1
0.4 3.33920383453
1.7 3.42331719398
3.2 3.6359899044
4.6 3.7860558033
6.0 3.98558592796
7.4 4.18224859238
8.8 4.37580490112
10.2 4.56792736053
11.5 4.69600915909
12.8 4.82409095764
14.1 5.04823350906
15.5 5.19280338287
16.8 5.39472341537
18.1 5.53738164902
19.4 5.78852653503
20.7 5.95555830002
22.1 6.20670366287
23.4 6.43586492538
24.7 6.80601119995
26.0 7.12478160858
27.4 7.50281381607
28.7 8.15110778809
30.1 8.8421754837
31.5 9.15067005157
32.9 9.42475605011
34.2 9.64961528778
35.5 9.83026790619
36.8 10.0744829178
38.1 10.178191185
39.4 10.4099807739
40.7 10.6675777435
42.0 10.9249362946
43.3 11.2580442429
44.7 11.6537590027
46.0 12.2169837952
47.3 12.4963264465
48.7 13.1128387451
50.0 13.9004449844
51.3 14.233792305
52.6 14.4909114838
53.9 15.0058660507
55.2 15.1547374725
56.6 15.4469833374
57.9 15.5738706589
59.3 15.7934732437
60.7 16.0173778534
62.1 16.2047195435
63.5 16.37342453
64.9 16.6436862946
66.2 16.8195610046
67.6 17.0336666107
68.9 17.250164032
70.3 17.4993972778
71.6 17.8198394775
72.9 18.1424331665
74.2 18.4136505127
75.6 18.7209510803
76.9 18.8538131714
78.2 19.2289772034
79.5 19.5981674194
80.8 20.2046432495
82.1 21.5153312683
83.4 21.6685028076
84.8 22.0176200867
86.2 22.4114246368
87.5 22.7744026184
88.8 23.1232814789
90.1 23.314447403
91.5 23.6401481628
92.8 24.0021705627
94.2 24.1574935913
95.5 24.4358787537
96.8 24.6452064514
98.2 24.8335056305
99.6 24.9888286591
100.9 25.1458244324
102.2 25.2856140137
103.5 25.5047397614
104.8 25.64453125
106.1 25.7857551575
107.4 25.9721431732
108.7 26.1119327545
110.0 26.2995147705
111.3 26.4237728119
112.6 26.6256923676
114.0 26.7965488434
115.4 26.9674034119
116.7 27.1537914276
118.0 27.3258419037
119.4 27.4993247986
120.7 27.6572761536
122.1 27.8465309143
123.5 28.0200157166
124.8 28.1645851135
126.1 28.3466720581
127.4 28.5019931793
128.7 28.6661586761
130.1 28.9443054199
131.4 29.1450309753
132.8 29.3651123047
134.2 29.6618976593
135.5 30.2385044098
136.8 30.4922771454
138.1 31.2708034515
139.4 32.5626144409
140.7 33.3741149902
142.1 33.7875137329
143.4 33.7875137329
144.7 33.7875137329
146.1 33.7875137329
147.4 33.8489265442
148.7 34.2721214294
150.1 34.531867981
151.5 34.7665252686
152.8 35.2033424377
154.1 35.395942688
155.5 35.7445831299
156.9 35.8967971802
158.3 36.1629981995
159.6 36.3806877136
161.0 36.4815292358
162.4 36.726940155
163.8 36.8230018616
165.1 37.0340003967
166.5 37.3045005798
167.8 37.4617385864
169.1 37.6679573059
170.4 37.8622322083
171.7 38.0567436218
173.0 38.3016738892
174.3 38.5602264404
175.6 38.7208099365
177.0 38.9530754089
178.4 39.6998214722
179.7 40.0847816467
181.0 40.2422561646
182.3 40.4188461304
183.6 40.6730995178
185.0 40.8274650574
186.4 40.9978408813
187.7 41.2762298584
189.1 41.4609451294
190.5 41.6652526855
191.8 41.839931488
193.1 42.0222549438
194.4 42.236125946
195.7 42.565410614
197.1 42.8323249817
198.5 43.1398658752
199.9 43.5793075562
201.2 43.9893608093
202.5 44.5306015015
203.8 44.8503303528
205.1 45.431476593
206.4 45.7779655457
207.7 46.0518112183
209.0 46.1825218201
210.2 46.4377288818
211.6 46.6967582703
213.0 46.9053688049
214.3 47.2583122253
215.6 47.453540802
216.9 47.9816398621
218.2 48.585723877
219.5 48.9666252136
220.8 49.62758255
222.1 49.9071655273
223.4 50.3401565552
224.7 50.3881874084
226.0 50.4362182617
227.4 50.5093383789
228.7 50.7776908875
230.1 50.9600143433
231.4 51.3165397644
232.7 51.4876365662
234.1 51.7944564819
235.4 51.9442863464
236.8 52.2336616516
238.1 52.5098991394
239.5 52.6482543945
240.9 52.9842300415
242.3 53.3758850098
243.6 53.6157989502
245.0 54.1766319275
246.4 54.5300521851
247.8 55.4581680298
249.2 56.11769104
250.6 56.9452056885
251.9 57.6568222046
253.2 58.3395271301
254.5 58.9471969604
255.8 59.4270248413
257.0 59.438495636
258.4 59.4389724731
259.7 59.4392127991
261.0 59.4475746155
262.2 59.6514091492
263.6 59.8894119263
264.9 60.1728134155
266.3 60.6593322754
267.7 61.0951919556
269.1 61.6369132996
270.4 62.1425476074
271.7 63.0104446411
273.1 63.4900360107
274.4 63.918964386
275.8 64.2778778076
277.2 64.6365585327
278.5 64.9412307739
279.8 65.176361084
281.2 65.2227249146
282.5 65.2327575684
283.9 65.2337112427
285.3 65.2573699951
286.7 65.3135223389
288.1 65.8103179932
289.5 66.2906265259
290.8 66.5367507935
292.1 66.7267227173
293.4 66.8466796875
294.7 67.0015258789
296.0 67.3685684204
297.3 67.5422897339
298.7 67.8589096069
300.1 68.3167572021
301.4 68.8204803467
302.7 68.9695892334
304.1 69.2924194336
305.4 69.5461959839
306.8 69.663520813
308.1 69.9118041992
309.4 70.1120452881
310.8 70.3395385742
312.2 70.5882949829
313.5 70.7266464233
314.8 70.9708633423
316.1 71.2709960938
317.4 71.5842666626
318.7 71.9111633301
320.1 72.2605209351
321.5 72.4669799805
322.9 72.7695007324
324.3 73.101890564
325.6 73.8388442993
326.9 74.5308685303
328.3 74.6826019287
329.7 74.8587188721
331.1 75.028137207
332.5 75.2405700684
333.8 75.3927841187
335.2 75.5299530029
336.6 75.7421417236
337.9 75.8788299561
339.2 76.0002212524
340.5 76.195930481
341.8 76.3323745728
343.1 76.5130233765
344.4 76.6936798096
345.7 76.8602294922
347.0 77.0107727051
348.3 77.1319274902
349.7 77.2975234985
351.0 77.4631195068
352.4 77.6287231445
353.8 77.8550109863
355.2 77.960395813
356.6 78.1259918213
358.0 78.3119049072
359.3 78.4418945312
360.6 78.6667556763
361.9 78.8165817261
363.1 79.0861282349
364.5 79.2727508545
365.8 79.5451660156
367.1 79.8620223999
368.4 80.3215408325
369.8 80.884765625
371.2 81.7772750854
372.5 82.4738388062
373.8 83.5677947998
375.1 83.7916946411
376.4 83.9847717285
377.8 84.2426071167
379.1 84.4655609131
380.4 84.7176589966
381.7 85.2333297729
383.0 85.4696578979
384.4 85.7308425903
385.6 86.1514053345
387.0 86.2431716919
388.3 86.3158111572
389.7 86.3160476685
391.1 86.3160476685
392.4 86.3160476685
393.7 86.3303909302
395.0 86.4398345947
396.3 86.5067367554
397.6 86.6372146606
398.9 86.7265777588
400.2 86.9839401245
401.5 87.3875427246
402.8 87.6069030762
404.2 87.7865982056
405.6 88.0191040039
407.0 88.1854248047
408.3 88.3199539185
409.6 88.5039520264
410.9 88.7861633301
412.3 88.9981231689
413.5 89.1780548096
414.9 89.2853469849
416.2 89.6280136108
417.6 90.1761856079
418.9 90.7336730957
420.2 90.9021377563
421.5 91.0596160889
422.9 91.189125061
424.3 91.3090820312
425.6 91.3442153931
426.9 91.3547286987
428.2 91.3547286987
429.5 91.3547286987
430.9 91.3547286987
432.2 91.3547286987
433.6 91.3547286987
435.0 91.3547286987
436.4 91.3547286987
437.7 91.3547286987
439.0 91.3547286987
440.3 91.3547286987
441.6 91.3547286987
443.0 91.3547286987
444.4 91.3547286987
445.7 91.3547286987
447.0 91.3547286987
448.3 91.3547286987
449.6 91.3547286987
450.9 91.3547286987
452.2 91.3547286987
453.5 91.3547286987
454.8 91.3547286987
456.2 91.3547286987
457.5 91.3547286987
458.8 91.3547286987
460.1 91.3547286987
461.4 91.3547286987
462.7 91.3547286987
464.0 91.3547286987
465.3 91.3547286987
466.6 91.3547286987
468.0 91.3927230835
469.4 91.4369277954
470.7 91.4696655273
472.1 91.5662078857
473.5 91.6149520874
474.9 91.7048034668
476.3 91.7406463623
477.6 91.7872390747
479.0 91.8147201538
480.3 91.8204574585
481.6 91.822845459
483.0 91.822845459
484.3 91.822845459
485.7 91.822845459
487.0 91.822845459
488.3 91.822845459
489.7 91.822845459
491.1 91.822845459
492.4 91.822845459
493.8 91.822845459
495.0 91.822845459
496.4 91.822845459
497.8 91.822845459
499.1 91.822845459
500.5 91.822845459
501.8 91.822845459
503.1 91.822845459
504.4 91.822845459
505.8 91.822845459
507.1 91.822845459
508.4 91.822845459
509.7 91.822845459
511.0 91.822845459
512.3 91.822845459
513.6 91.822845459
514.9 91.8335952759
516.2 91.8859329224
517.5 91.9430389404
518.8 91.9435195923
520.2 91.9435195923
521.5 91.9435195923
522.8 91.9435195923
524.2 91.9435195923
525.5 91.9435195923
526.8 91.9435195923
528.2 91.9435195923
529.5 91.9435195923
530.8 91.9435195923
532.1 91.9435195923
533.4 91.9435195923
534.7 91.9435195923
536.0 92.0061264038
537.3 92.5421066284
538.7 92.6482086182
540.1 92.8745040894
541.4 93.0809631348
542.8 93.1839523315
544.1 93.3839569092
545.5 93.5646133423
546.9 93.6625823975
548.2 93.761756897
549.5 93.8872070312
550.8 94.003578186
552.1 94.1720428467
553.4 94.3842391968
554.7 94.4960708618
556.1 94.6848526001
557.5 94.8040924072
558.9 94.9448394775
560.2 95.1178436279
561.5 95.2731628418
562.8 95.3759155273
564.1 95.4910964966
565.5 95.4910964966
566.8 95.4910964966
568.1 95.4910964966
569.5 95.4910964966
570.9 95.4910964966
572.3 95.4910964966
573.6 95.4910964966
575.0 95.4910964966
576.3 95.4910964966
577.7 95.4910964966
579.0 95.4910964966
580.4 95.4910964966
581.8 95.4910964966
583.1 95.4910964966
584.4 95.4910964966
585.7 95.4910964966
587.0 95.4910964966
588.4 95.4910964966
589.7 95.4910964966
591.0 95.4910964966
592.4 95.4910964966
593.7 95.4910964966
595.1 95.4910964966
596.5 95.4910964966
597.8 95.4910964966
599.1 95.4910964966
600.4 95.4910964966
601.8 95.4910964966
603.0 95.4910964966
604.3 95.4910964966
605.7 95.4910964966
607.0 95.4910964966
608.3 95.4910964966
609.6 95.4910964966
611.0 95.4910964966
612.3 95.4910964966
613.7 95.4910964966
615.0 95.4910964966
616.2 95.4925308228
617.6 95.5568084717
618.9 95.6631469727
620.3 95.848815918
621.6 96.18359375
622.9 96.4323501587
624.2 96.6048812866
625.5 96.7652206421
626.8 96.9468307495
628.1 97.1093215942
629.4 97.3198471069
630.8 97.4799423218
632.1 97.6902313232
633.4 97.8371887207
634.7 98.0414962769
636.0 98.1822433472
637.3 98.4286117554
638.5 98.6118927002
639.9 98.813331604
641.3 98.9148864746
642.6 98.9559936523
644.0 99.1108398438
645.2 99.4585189819
646.6 99.8269958496
647.9 99.9985656738
