581.0
0.5 1.61905193329
1.7 1.61905193329
3.2 1.6713334322
4.5 1.85113501549
5.6 2.06009364128
6.9 2.49711370468
8.2 2.69350457191
9.6 2.71813726425
10.9 2.76371598244
12.1 2.89157104492
13.4 3.07690238953
14.6 3.21330356598
15.8 3.538387537
17.0 3.71031332016
18.5 3.94893169403
19.8 4.17749595642
21.0 4.24670171738
22.1 4.44393062592
23.4 4.4886713028
24.7 4.53324508667
25.9 4.67685174942
27.1 4.7542681694
28.7 5.44314479828
29.9 6.0422039032
31.2 6.62500905991
32.7 6.67645263672
33.8 6.76543188095
35.1 6.86982727051
36.2 7.16407871246
37.4 7.4978761673
38.8 8.08034610748
40.1 8.80659008026
41.6 8.86155319214
43.1 8.86741733551
44.4 9.35856246948
45.9 9.60656452179
47.5 9.73542499542
49.2 9.75989055634
50.8 9.75989055634
52.4 9.75989055634
53.9 9.75989055634
55.5 9.75989055634
57.1 9.75989055634
58.5 9.75989055634
60.1 9.75989055634
61.7 9.75989055634
63.4 9.75989055634
65.0 10.2267379761
66.6 10.4616689682
68.1 10.7889318466
69.8 10.8971815109
71.3 11.0236959457
72.7 11.2847681046
74.3 11.4910459518
75.6 12.0753593445
76.7 12.4781951904
78.0 12.7007265091
79.5 12.8932638168
81.1 12.9209127426
82.6 12.9209127426
84.2 12.9209127426
85.6 12.9209127426
86.9 12.9390096664
88.1 12.9443721771
89.2 12.9505720139
90.5 12.957777977
91.7 13.072227478
93.0 13.1330547333
94.5 13.2558832169
95.7 13.6061019897
96.9 13.9645318985
98.2 14.5272293091
99.3 15.3999290466
100.7 15.9758634567
102.1 16.202249527
103.5 16.7282485962
104.9 16.9663639069
106.5 17.9585399628
107.9 19.5293312073
109.2 20.4916801453
110.9 20.9772968292
112.4 21.4719600677
113.8 21.6403675079
115.2 21.7806224823
116.7 21.8600502014
118.2 22.0721912384
119.5 22.179101944
120.9 22.2979068756
122.2 22.4512329102
123.6 23.090341568
125.0 23.7788829803
126.6 24.0872097015
128.0 24.606338501
129.4 25.1821060181
130.8 26.2669467926
132.3 26.4988632202
133.6 26.8933200836
135.2 27.0692672729
136.6 27.2949829102
138.1 27.6632995605
139.5 27.9433078766
140.9 28.5230960846
142.3 29.0018424988
143.7 29.9584922791
145.3 31.1685085297
146.7 31.587097168
148.1 31.6976928711
149.4 31.949716568
150.8 32.2530174255
152.3 32.4847640991
153.8 32.793762207
155.0 32.958480835
156.4 33.1570510864
157.9 33.6626052856
159.4 34.4345970154
160.8 34.8582115173
162.3 35.2462997437
163.8 36.0395736694
165.4 36.0551567078
166.8 36.0551567078
168.4 36.0551567078
169.9 36.0551567078
171.5 36.0551567078
173.0 36.0551567078
174.4 36.0551567078
175.6 36.1272125244
177.2 36.4340324402
178.7 36.4734077454
180.0 36.5364151001
181.4 36.5364151001
182.9 36.581325531
184.2 36.8388786316
185.7 37.1693229675
187.2 37.4295578003
188.9 37.487033844
190.1 37.487033844
191.4 37.4940719604
192.6 37.5575790405
193.8 37.6810798645
195.2 37.8719406128
196.5 38.159488678
197.7 38.2516517639
199.2 38.7918930054
200.6 39.981803894
202.2 40.3251495361
203.6 40.7191047668
205.2 41.5473976135
206.4 41.9390068054
208.1 42.2552108765
209.7 42.713344574
211.0 43.0531730652
212.3 43.2438697815
213.5 43.5897293091
214.9 43.6644668579
216.2 44.0089874268
217.4 44.1924781799
218.7 44.473991394
220.0 44.6616706848
221.6 45.0618247986
223.0 45.311668396
224.5 45.8819084167
226.1 46.0700874329
227.5 46.309879303
229.1 46.6051368713
230.4 46.812084198
231.8 46.812084198
233.1 46.812084198
234.5 46.812084198
236.0 46.8251533508
237.5 47.0381355286
238.8 47.2445793152
239.9 47.2796020508
241.6 47.2799339294
242.8 47.2799339294
244.3 47.4113082886
245.8 47.7601890564
247.4 47.8195075989
248.8 47.8220214844
250.0 47.939655304
251.4 48.0224342346
252.8 48.3141708374
254.0 48.5866394043
255.3 49.0224876404
256.7 49.5148048401
258.0 49.8432388306
259.4 50.2187614441
260.5 50.6765594482
262.0 51.019405365
263.5 51.4956359863
264.9 51.8515548706
266.3 52.3090171814
267.6 52.6464996338
268.8 53.0123062134
270.1 53.4240226746
271.6 53.891708374
272.9 53.9770011902
274.3 54.1564674377
275.5 54.1628341675
276.6 54.1628341675
278.2 54.1628341675
279.7 54.1856231689
281.3 54.3250389099
282.5 54.3672676086
283.9 54.3796691895
285.4 54.3810081482
287.1 54.444683075
288.6 54.5589675903
289.9 55.4053573608
291.2 55.4715461731
292.5 55.6567115784
294.0 56.0915527344
295.3 56.4147949219
296.8 56.5583992004
298.2 56.5738182068
299.6 56.5855484009
301.2 56.5863838196
302.7 56.5863838196
304.1 56.5863838196
305.4 56.5977783203
306.6 56.679889679
308.0 56.897895813
309.3 57.3062591553
310.8 57.5696792603
312.1 57.9961433411
313.5 58.2424697876
314.7 58.3441848755
315.9 58.5001907349
317.5 58.6285476685
318.9 58.9527931213
320.2 59.1183509827
321.7 59.3008346558
323.2 59.475440979
324.6 59.7350082397
326.1 59.9902153015
327.4 60.4337692261
328.9 60.702381134
330.4 60.9456939697
331.9 61.1596794128
333.5 61.3311004639
335.0 61.59167099
336.6 61.9273109436
337.9 62.0658912659
339.4 62.2311134338
340.8 62.4048843384
342.2 62.5592155457
343.7 62.7472267151
345.1 62.9400978088
346.6 63.0263977051
348.3 63.0624237061
349.8 63.1286125183
351.6 63.1805610657
352.9 63.2137374878
354.3 63.2137374878
355.9 63.2137374878
357.5 63.2137374878
359.0 63.2137374878
360.3 63.2137374878
361.6 63.2137374878
363.2 63.2137374878
364.6 63.2137374878
366.0 63.2137374878
367.3 63.2137374878
368.9 63.2137374878
370.5 63.2137374878
372.1 63.221446991
373.5 63.2921600342
375.1 63.3555030823
376.6 63.4108009338
378.1 63.558429718
379.8 63.6554527283
381.2 63.9269142151
382.8 64.0408630371
384.3 64.3228759766
385.7 64.5433959961
387.2 65.618522644
388.7 65.9647216797
390.1 66.1483764648
391.7 66.3281784058
393.2 66.4950790405
394.8 66.9047851562
396.3 67.0969848633
397.7 67.2296981812
399.3 67.3987731934
400.7 67.4689865112
402.0 67.6333694458
403.2 67.7312316895
404.6 67.9656600952
406.2 68.2634353638
407.7 68.5539932251
409.0 68.8866195679
410.5 69.157913208
411.9 69.2623138428
413.3 69.385307312
414.9 69.6480560303
416.5 69.8293609619
418.0 70.2090759277
419.3 70.4979629517
420.5 71.8773956299
422.0 72.0762939453
423.6 72.2142105103
425.1 72.4157943726
426.6 72.532081604
428.2 72.7266311646
429.6 73.0713195801
430.9 73.2449264526
432.2 73.6040267944
433.8 73.9569244385
435.2 74.7270736694
436.5 75.2451934814
438.1 75.8110733032
439.5 76.5802154541
440.9 77.2747879028
442.5 77.7198562622
443.9 78.0233230591
445.3 78.2900924683
446.8 78.4911727905
448.3 78.64818573
449.7 78.896522522
451.0 78.9499816895
452.3 79.0066146851
453.7 79.0895614624
455.1 79.2492599487
456.5 79.3305282593
458.0 79.4970932007
459.5 79.6593017578
460.7 79.7321929932
461.9 79.8421173096
463.4 80.0118637085
464.6 80.0671615601
466.0 80.1975326538
467.4 80.3067855835
468.7 80.5060272217
470.1 80.9877853394
471.6 81.4249725342
472.7 81.9410858154
474.1 82.3727416992
475.2 82.5964508057
476.6 82.8595352173
478.1 83.0398330688
479.2 83.2640457153
480.5 83.413848877
481.7 83.8433303833
483.0 84.0299987793
484.2 84.460319519
485.6 84.8696899414
487.1 85.4943847656
488.3 85.9337539673
489.6 86.1081924438
491.1 86.4860610962
492.3 86.9252624512
493.5 87.2615737915
494.8 87.3954544067
495.9 87.5583343506
497.1 87.6917190552
498.3 87.7991333008
499.6 87.8802337646
501.1 87.8889465332
502.2 87.8891143799
503.5 87.8963241577
504.8 88.0094299316
505.9 88.6198883057
507.2 88.7993545532
508.5 89.4503555298
509.7 90.0050125122
510.9 90.4418640137
512.1 90.9966812134
513.6 91.6374664307
515.0 91.8502807617
516.2 91.9863433838
517.3 92.2487564087
518.6 92.3459472656
519.8 92.4175033569
521.0 92.5100021362
522.4 92.6546096802
523.6 92.7023696899
524.8 92.7090682983
526.1 92.7104110718
527.5 92.7104110718
528.6 92.7104110718
529.8 92.7114181519
530.9 92.7739181519
532.1 92.8332366943
533.2 92.8726196289
534.5 92.8903808594
535.6 92.8903808594
536.7 92.8903808594
538.0 92.8903808594
539.4 92.8903808594
540.5 92.8912200928
541.8 92.8930587769
542.8 92.8990936279
544.1 92.9083099365
545.2 92.9758453369
546.4 93.2600402832
547.7 93.4629669189
548.8 93.7625808716
550.0 94.0464401245
551.2 94.575958252
552.3 94.9459533691
553.5 95.3047180176
554.6 95.6502456665
555.8 96.0297851562
556.9 96.3121414185
558.3 96.6496276855
559.5 97.2840423584
560.6 97.2840423584
561.8 97.6541976929
562.9 97.9600143433
564.2 98.2003097534
565.5 98.5641021729
566.6 98.810760498
567.8 99.1120529175
569.0 99.3573760986
570.1 99.5760498047
571.2 99.6977081299
572.4 99.7897033691
573.8 99.8379592896
575.0 99.8620910645
576.6 99.8840408325
578.0 99.9177246094
579.2 99.9651489258
580.6 99.9943008423
