543.2
0.6 4.68514823914
2.1 4.68514823914
3.4 4.8718585968
5.1 5.10019636154
6.8 5.28497505188
8.5 5.5162987709
10.2 5.73128795624
11.9 5.93854904175
13.7 6.29317569733
15.4 6.4728603363
17.0 6.96677350998
18.7 7.25869464874
20.4 7.87924766541
22.1 9.66239356995
23.8 10.3567171097
25.5 11.1235818863
27.2 12.0980587006
29.2 13.9925632477
30.8 14.5755281448
32.6 15.0627670288
34.3 15.3395824432
36.3 15.4948530197
38.2 15.6378278732
40.0 15.7776403427
41.8 15.9652290344
43.7 16.1470222473
45.6 16.3799266815
47.5 18.2886581421
49.5 19.2612037659
51.4 19.895280838
53.2 20.4250259399
55.2 21.2336940765
57.1 22.010219574
59.0 22.3211097717
60.8 22.3896121979
62.5 22.38996315
64.4 22.3925971985
66.5 22.5698223114
68.5 22.8420734406
70.3 23.418012619
72.3 24.5516223907
74.1 25.529964447
76.1 25.980140686
78.1 26.2046146393
79.9 26.5408000946
81.7 27.0533313751
83.6 27.9066123962
85.3 28.2103023529
87.2 28.2944374084
89.0 28.4987125397
91.0 28.5953159332
92.8 28.5953159332
94.6 28.5953159332
96.5 28.5953159332
98.5 28.5953159332
100.2 28.5953159332
101.9 28.5953159332
103.8 28.5953159332
105.5 28.5953159332
107.5 28.5953159332
109.3 28.5953159332
111.1 28.5953159332
112.9 28.5953159332
114.9 28.5953159332
116.8 28.5953159332
118.6 28.6056785583
120.4 28.6987705231
122.2 28.8905754089
123.9 29.1248855591
125.6 29.9655208588
127.5 31.0100803375
129.5 32.0495452881
131.3 32.7491378784
133.2 33.4234390259
135.1 34.2412414551
137.0 34.5835723877
138.9 35.0068778992
140.8 35.1983299255
142.7 35.3683547974
144.8 35.4493255615
146.6 35.488494873
148.4 35.508518219
150.3 35.508518219
151.9 35.508518219
153.7 35.508518219
155.5 35.508518219
157.4 35.508518219
159.3 35.508518219
160.9 35.508518219
162.8 35.508518219
164.5 35.508518219
166.4 35.508518219
168.4 35.508518219
170.3 35.5466346741
172.3 35.7841033936
174.1 36.2037200928
175.8 36.7018470764
177.5 37.266368866
179.2 37.9211730957
181.1 38.4352874756
182.9 38.8306617737
184.8 39.5232315063
186.5 39.7921409607
188.2 40.0580673218
189.9 40.0580673218
191.6 40.5932579041
193.3 40.8345947266
195.0 41.1259880066
196.7 41.2419128418
198.4 41.4558486938
200.3 41.5505218506
202.0 41.7293281555
203.8 41.8348922729
205.4 42.0288009644
207.1 42.1424446106
208.8 42.4031028748
210.6 42.5748825073
212.4 42.9625282288
214.2 43.2133522034
216.0 43.5330238342
217.7 43.9015274048
219.3 44.5496559143
221.2 45.2546920776
223.0 46.1606674194
224.7 46.6860237122
226.5 47.1743164062
228.1 47.7887191772
229.9 48.247505188
232.0 48.4677619934
233.9 48.599319458
235.8 48.6319923401
237.6 48.9773101807
239.6 49.2887268066
241.5 49.5948753357
243.2 49.8767852783
245.1 49.991481781
246.8 49.991481781
248.7 49.991481781
250.5 49.991481781
252.2 49.991481781
253.8 49.991481781
255.4 50.0014915466
257.1 50.1400756836
258.8 50.2665405273
260.5 50.5178871155
262.2 50.6766700745
263.9 50.8825263977
265.5 51.3335838318
267.1 51.6622123718
268.8 52.0489845276
270.5 52.7436599731
272.3 53.3099365234
274.0 53.7441329956
275.8 53.7989311218
277.5 53.7996368408
279.1 53.8312492371
280.7 53.9561347961
282.3 54.1089439392
283.9 54.3230552673
285.5 54.7203636169
287.2 55.8386955261
289.0 56.4789199829
290.7 56.828453064
292.5 57.3606567383
294.1 58.1066207886
295.8 58.3969612122
297.6 58.8961448669
299.2 59.3740730286
300.8 59.5219650269
302.6 59.7204437256
304.3 59.8000106812
306.0 59.9795188904
307.8 60.1551628113
309.5 60.2628364563
311.2 60.4952125549
312.9 60.6376609802
314.8 61.0718536377
316.6 62.0429954529
318.3 62.8927650452
320.0 63.6930007935
321.7 64.8311767578
323.4 66.0357513428
325.0 67.3049621582
326.8 68.0681381226
328.5 68.7396240234
330.2 69.3471832275
331.9 70.4628753662
333.6 70.9525756836
335.4 71.4889907837
337.3 72.0401687622
339.2 72.5484848022
340.8 73.3028793335
342.6 73.606918335
344.2 73.8981399536
345.9 74.1435089111
347.5 74.4111938477
349.2 74.6570968628
351.1 74.7990188599
352.9 74.8243103027
354.7 74.8243103027
356.3 74.8243103027
358.1 74.9514770508
359.9 75.4650650024
361.5 75.9995498657
363.2 76.2939300537
365.1 76.3422317505
366.8 76.3517150879
368.4 76.3517150879
370.1 76.3517150879
372.0 76.3517150879
373.6 76.3517150879
375.3 76.3517150879
377.0 76.3517150879
378.6 76.3517150879
380.3 76.3517150879
382.0 76.3517150879
383.7 76.3517150879
385.4 76.3517150879
387.1 76.3517150879
388.8 76.3678741455
390.5 76.7239074707
392.2 77.2791213989
394.1 77.8987960815
395.7 78.9834060669
397.5 80.3676605225
399.1 81.0426635742
400.7 81.8676681519
402.4 82.9022140503
404.2 83.7338943481
405.8 85.0914459229
407.5 85.7343063354
409.2 86.58618927
410.9 87.4573822021
412.5 87.9404067993
414.2 88.3352584839
415.9 88.7385406494
417.6 89.2494888306
419.2 89.8354415894
420.8 90.3679962158
422.5 90.8548812866
424.2 91.2154769897
425.8 91.4908905029
427.5 91.9345703125
429.2 92.2345733643
430.9 92.6295928955
432.7 92.9988021851
434.5 93.0600967407
436.3 93.0757293701
438.0 93.2710494995
439.8 93.4027862549
441.4 93.4470443726
443.1 93.5144958496
444.8 93.6985702515
446.4 94.2813568115
448.2 94.6344070435
450.0 94.9542541504
451.8 95.2187728882
453.5 95.7291946411
455.2 95.9673690796
456.8 96.1950073242
458.5 96.3952407837
460.2 96.6683731079
462.0 96.7108764648
463.6 96.7108764648
465.2 96.7108764648
467.0 96.7108764648
468.7 96.7108764648
470.3 96.7108764648
471.9 96.7108764648
473.6 96.9968261719
475.2 97.1366424561
476.8 97.2919082642
478.6 97.5924377441
480.4 97.7326049805
482.2 97.888923645
484.0 97.9263381958
485.6 97.9263381958
487.5 97.9263381958
489.2 97.9263381958
490.8 97.9263381958
492.4 97.9263381958
494.1 97.9263381958
495.7 97.9263381958
497.4 97.9263381958
499.1 97.9263381958
500.8 97.9263381958
502.6 97.9263381958
504.5 97.9263381958
506.2 97.9263381958
508.0 97.9263381958
509.9 97.9263381958
511.8 97.9263381958
513.6 97.9263381958
515.3 97.9263381958
516.9 97.9263381958
518.6 97.9263381958
520.2 97.9263381958
521.9 97.9263381958
523.9 97.9266891479
525.6 97.9567260742
527.4 98.0333023071
529.0 98.1225357056
530.7 98.6810836792
532.3 98.8244094849
533.9 98.9925003052
535.6 99.0401000977
537.2 99.0404510498
539.0 99.0404510498
540.7 99.0404510498
542.4 99.0404510498
544.2 99.0404510498
545.8 99.0404510498
547.5 99.0404510498
549.1 99.0404510498
550.7 99.0404510498
552.4 99.0404510498
554.3 99.0404510498
556.0 99.0404510498
557.7 99.0747070312
559.3 99.1941452026
560.9 99.3834838867
562.6 99.5580749512
564.3 99.7180938721
565.9 99.8781051636
567.6 99.9439697266
569.4 99.9439697266
571.0 99.9439697266
572.7 99.9439697266
574.3 99.9439697266
576.0 99.9439697266
577.7 99.9439697266
579.5 99.9439697266
581.2 99.9439697266
582.8 99.9994735718
