358.8
1.0 6.03608751297
2.9 6.03608751297
5.0 6.31662464142
7.0 6.84687328339
9.3 7.76088857651
11.6 8.61683750153
13.8 9.65989017487
16.0 10.5808362961
18.2 11.5832662582
20.4 12.9608612061
22.4 14.4034528732
24.8 15.4166355133
27.0 17.3297367096
29.1 18.8913288116
31.2 19.6000785828
33.2 20.8935604095
35.2 21.7511825562
37.2 22.508441925
39.3 23.2138462067
41.5 24.0341892242
43.8 24.5579872131
45.9 25.149646759
48.0 25.6810913086
49.8 26.404417038
52.0 27.1521186829
54.2 28.127784729
56.1 30.3943042755
58.2 31.4858665466
60.3 32.2911567688
62.4 32.8648948669
64.5 33.3382720947
66.6 34.0854949951
68.9 34.9818267822
71.2 36.7651748657
73.5 37.6519470215
75.4 38.4727706909
77.7 39.0166397095
80.0 39.7449836731
82.1 40.4054641724
84.4 41.094619751
86.5 41.8028945923
88.9 42.4585952759
91.1 42.881313324
93.4 43.6995048523
95.4 44.5633392334
97.6 45.2149772644
99.8 46.4728546143
102.0 47.2757568359
104.3 49.5171852112
106.5 50.8159217834
108.8 51.9564704895
110.9 53.4165077209
113.2 54.7453536987
115.5 57.5313682556
117.6 59.0071754456
119.7 60.8158531189
121.7 62.1313171387
124.2 63.2128410339
126.5 64.8016738892
128.8 65.5782928467
131.5 66.5393829346
133.8 67.3114547729
135.8 67.9427871704
138.0 68.8642044067
140.4 69.6303100586
142.6 70.6504211426
144.9 71.9125976562
147.2 72.7221908569
149.6 74.9839324951
152.1 75.7626953125
154.2 76.5925979614
156.4 77.0131607056
158.6 77.3828353882
160.9 77.4561920166
163.1 77.7467651367
165.2 78.0559768677
167.6 78.3625640869
170.1 78.7324676514
172.3 79.7901000977
174.6 80.2161636353
176.8 80.4025497437
179.2 80.7803421021
181.4 81.1578979492
183.7 81.5211105347
185.8 81.8699951172
188.2 82.0535125732
190.5 82.4179229736
192.6 82.7448196411
195.0 83.0353927612
197.2 83.3622894287
199.7 83.8246688843
202.1 84.1486968994
204.5 84.5128707886
206.9 84.9625930786
209.3 85.2782516479
211.7 85.5575942993
214.0 85.904800415
216.3 86.2837905884
218.5 86.4931182861
221.0 86.8601608276
223.3 87.1495361328
225.5 87.5354537964
227.7 88.0188674927
230.0 88.6975097656
232.3 89.9546661377
234.4 90.8770523071
236.8 91.2314224243
239.0 92.0625228882
241.4 92.1846313477
243.9 92.2020721436
246.0 92.4250183105
248.5 92.8262329102
251.0 93.3053436279
253.1 93.8348770142
255.4 93.9954528809
257.9 94.2841186523
260.0 94.5390853882
262.2 94.7551040649
264.6 95.1152114868
266.9 95.4280090332
269.2 95.7795181274
271.7 96.0079650879
274.2 96.368309021
276.4 96.6495666504
278.7 96.9231719971
281.2 97.1795730591
283.5 97.5449447632
285.9 97.7406463623
288.0 97.8766174316
290.4 97.8871307373
293.0 97.8904724121
295.5 97.8907165527
297.8 97.8907165527
300.2 97.8907165527
302.5 97.8907165527
304.7 97.8907165527
307.0 97.8907165527
309.3 97.8907165527
311.7 97.8907165527
313.9 97.8907165527
316.0 97.8907165527
318.1 97.8907165527
320.2 97.8907165527
322.4 97.8907165527
324.8 97.8907165527
327.0 97.8907165527
329.4 97.8907165527
331.5 97.8907165527
333.8 97.8907165527
336.0 97.8907165527
338.3 97.892868042
340.6 98.478553772
342.8 98.9110641479
345.0 99.1536102295
347.1 99.1710510254
349.4 99.171295166
351.7 99.171295166
353.8 99.3622207642
356.1 99.6413269043
358.4 99.9988021851
