290.6
1.6 6.0341758728
4.0 6.0341758728
6.8 6.39715337753
9.6 7.29683160782
12.4 8.49903106689
15.1 9.8950252533
17.6 10.9270868301
20.5 12.2263031006
23.2 14.2120466232
25.9 15.7734003067
28.6 17.5330905914
31.3 19.5649528503
34.2 20.9951171875
37.1 22.6482315063
39.7 24.3020629883
42.7 25.5694980621
45.1 26.7743244171
47.4 27.4190349579
49.9 27.9409198761
52.5 28.6229076385
55.2 29.2289047241
57.8 30.9780807495
60.2 33.6059036255
62.8 34.6085739136
65.6 35.8487663269
68.1 37.1228942871
70.7 38.3530502319
73.3 39.2297897339
76.3 40.4785842896
79.2 41.4172134399
81.6 42.8538322449
84.5 44.3860321045
87.0 46.2121505737
89.8 47.7481765747
92.6 49.7078742981
95.4 52.1268501282
98.4 54.2686309814
101.3 55.7657051086
103.9 57.3612327576
106.5 58.5447921753
109.0 60.624206543
111.4 62.1525840759
114.2 63.8690223694
117.2 67.0837249756
119.5 70.38230896
122.4 73.0911407471
124.7 75.7170562744
127.5 77.1429214478
130.4 78.5135803223
133.3 79.5007171631
136.1 80.6720962524
138.9 81.7478866577
141.7 82.9283370972
144.4 84.1023406982
147.2 85.5654830933
149.9 86.6613464355
152.7 88.1017837524
155.4 89.0839080811
158.0 89.6437835693
160.7 90.3338928223
163.4 90.9903182983
166.0 91.8584518433
168.4 92.5177383423
171.2 92.9643478394
173.6 93.4183731079
176.4 93.7237625122
178.7 94.2623748779
181.1 94.8760147095
183.9 95.202911377
186.8 95.6614761353
189.1 96.014175415
191.9 96.2894515991
194.6 96.6925811768
197.0 97.0581817627
199.5 97.5372924805
202.1 97.9922714233
204.8 98.2240600586
207.8 98.6245574951
210.4 98.9421310425
212.9 98.9502563477
215.7 98.9502563477
218.4 98.9502563477
221.4 98.9502563477
224.4 98.9502563477
227.0 98.9502563477
229.6 98.9502563477
232.4 98.9502563477
234.9 98.9502563477
237.4 98.9502563477
240.2 98.9502563477
242.7 98.9559936523
245.3 99.2381973267
247.5 99.3251800537
250.0 99.4133605957
252.5 99.4145507812
255.0 99.4145507812
257.8 99.4145507812
260.5 99.4145507812
262.8 99.4145507812
265.3 99.4145507812
267.9 99.4145507812
270.4 99.4145507812
272.8 99.4145507812
275.5 99.4145507812
278.0 99.4145507812
280.3 99.4145507812
282.5 99.4145507812
285.3 99.4145507812
287.8 99.7598495483
290.4 100.0
