378.4
2.6 6.17922353745
5.4 6.6451921463
7.9 7.35346460342
11.2 8.06699466705
13.7 8.93560791016
17.0 9.70314216614
20.0 11.011677742
23.3 12.4416046143
26.6 14.0612640381
30.5 16.110332489
34.0 17.9797019958
37.9 19.7785816193
41.1 21.266336441
44.4 22.7416648865
47.5 24.5312232971
51.1 26.6144618988
54.9 29.1806354523
58.4 32.8648948669
62.4 36.4502258301
65.8 36.8985137939
69.8 36.9802360535
73.3 38.717464447
76.6 41.2982139587
79.9 42.7114105225
83.6 44.6608352661
87.0 45.1483078003
90.3 45.8130912781
93.8 46.3978233337
96.9 46.6991500854
101.0 47.0097961426
105.0 47.6155548096
108.7 48.0193939209
112.5 48.4387664795
116.0 48.9207458496
119.5 49.3133544922
123.2 49.9843482971
126.7 50.8553504944
130.0 52.9835128784
133.2 54.886100769
136.7 56.7877311707
140.0 59.7520103455
144.1 61.8851890564
147.5 64.1722564697
151.0 65.2607192993
153.9 66.6492996216
156.6 67.9148254395
159.9 68.7710113525
163.2 70.582321167
166.7 71.3338394165
170.0 72.9147872925
173.7 73.8288040161
176.9 74.4388656616
180.1 74.4388656616
183.2 74.4388656616
186.6 74.5963363647
190.1 75.5027084351
193.4 76.1835021973
196.7 76.8141098022
200.1 77.6507034302
203.4 78.624458313
207.0 80.6338577271
210.4 81.6594696045
213.6 82.6004867554
217.0 83.6258544922
220.7 84.6913757324
224.0 85.9848556519
226.9 87.3935165405
229.8 88.5634536743
233.1 90.0129776001
237.2 91.5647735596
241.0 92.8231277466
244.7 93.8030929565
248.2 94.1913986206
252.5 94.2346496582
255.7 94.2346496582
259.1 94.2346496582
263.1 94.2346496582
266.9 94.2346496582
270.2 94.2346496582
274.0 94.2346496582
277.8 94.2346496582
280.9 94.2346496582
284.0 94.2346496582
287.3 94.5159072876
290.9 94.9670562744
293.8 95.3133087158
297.3 95.7348327637
300.6 96.1413040161
303.4 96.4875488281
306.7 96.7508850098
310.2 96.7551879883
313.7 96.7551879883
316.6 96.7551879883
319.9 96.7551879883
322.8 96.7551879883
326.4 96.7551879883
329.5 96.7551879883
333.1 96.7551879883
336.5 96.7551879883
339.5 96.7551879883
342.9 96.7551879883
346.0 96.7551879883
348.8 96.7551879883
351.8 97.07371521
355.2 97.4560470581
358.6 97.8713607788
361.8 98.2720947266
365.2 98.8350753784
369.0 99.2444152832
372.4 99.696762085
376.5 100.0
