278.3
0.5 6.28747177124
2.2 6.28747177124
4.2 6.46167230606
5.9 6.7995595932
8.3 7.13529586792
10.9 7.82301807404
13.3 8.52507781982
15.7 9.22809314728
17.8 9.9872636795
20.4 10.8004388809
22.9 12.1405172348
25.1 13.6817979813
27.5 14.6218605042
30.2 15.4166355133
32.5 16.4410495758
34.8 17.2248344421
37.0 17.8449306488
39.3 18.3672924042
41.7 19.1066303253
44.3 19.7422599792
46.4 20.4574623108
49.1 21.4596538544
51.4 22.2936172485
54.0 23.9651317596
56.3 25.7558841705
58.7 27.5007591248
61.1 28.4692573547
63.6 29.1182670593
66.1 29.6396751404
68.6 30.1727905273
71.3 30.8115272522
73.6 31.8521900177
75.7 33.3609733582
78.3 33.9263496399
81.1 34.7811012268
83.5 35.7061080933
85.9 36.5453300476
88.8 37.2579040527
91.3 38.8080291748
93.6 39.9435577393
95.8 40.7419166565
98.1 41.7453041077
100.8 42.8230056763
103.4 44.0961761475
105.9 45.4137916565
108.5 46.7567367554
111.0 48.981678009
113.7 50.9420928955
116.4 54.1663589478
119.1 55.4777603149
121.7 57.7117843628
124.0 59.5319290161
126.8 60.2832145691
129.4 61.4782447815
131.9 63.3760528564
134.6 64.4449081421
137.3 65.5682525635
139.9 66.9511032104
142.6 67.7109909058
145.5 69.0066299438
148.4 69.7027130127
151.1 71.2709960938
153.8 71.9814147949
156.6 73.3731155396
159.4 74.9270553589
161.9 76.5321426392
164.7 78.0939712524
167.0 78.9785995483
169.5 79.3449172974
172.1 79.9365768433
174.9 80.3925094604
177.4 81.0037689209
179.9 81.6914901733
182.3 81.8754882812
184.8 82.224609375
187.2 82.2571029663
189.7 82.25806427
192.3 82.4279632568
194.6 82.6157836914
196.7 83.0764923096
199.0 83.6184539795
201.3 84.0079498291
203.6 84.010345459
205.8 84.010345459
207.9 84.0330429077
210.3 84.3154907227
212.5 84.5778656006
214.8 84.8352279663
217.2 85.4419403076
219.7 86.2247695923
221.9 86.9273071289
224.4 87.8312835693
226.9 88.7711105347
229.5 89.5051879883
231.8 90.1780929565
234.1 91.0605697632
236.5 92.3867874146
238.8 93.6136016846
241.0 94.3290405273
243.0 94.9892807007
245.7 95.8547897339
248.2 96.4920883179
250.9 97.0679779053
253.3 97.5869979858
255.6 97.9375534058
258.2 98.1836776733
260.7 98.5029296875
263.2 98.8663787842
265.6 99.1994857788
267.8 99.4260253906
270.3 99.6819458008
272.6 99.9548339844
274.8 99.9935455322
277.9 99.9990463257
