381.4
1.1 4.85921192169
2.6 4.85921192169
4.7 5.06418943405
6.6 5.22279644012
8.8 5.4846830368
11.0 5.91466140747
13.1 6.14721488953
15.4 6.58140850067
17.6 7.02227687836
19.5 7.63439893723
21.5 8.47029209137
23.6 9.9488697052
25.6 10.7415542603
27.7 13.3595399857
29.9 14.7820863724
32.2 15.2817955017
34.3 15.6021718979
36.2 15.645029068
38.4 15.6452045441
40.4 15.8447370529
42.3 16.0165176392
44.4 16.6244239807
46.6 16.9223175049
48.8 18.5169963837
50.9 19.7879619598
53.1 20.6610908508
55.3 21.4446430206
57.6 22.379776001
59.9 22.9390277863
62.1 23.6944770813
64.1 24.9271507263
66.1 25.9234085083
68.4 27.1167392731
70.8 27.8386383057
72.9 29.1152248383
74.9 29.7354259491
77.0 30.4590835571
78.9 31.8226127625
81.3 32.7264823914
83.4 33.5832748413
85.6 34.3457489014
88.0 34.7490310669
90.1 35.1115608215
92.2 35.8187065125
94.4 36.5579948425
96.3 36.8246231079
98.6 37.0796585083
100.6 37.1787223816
102.6 37.4070625305
104.6 37.5466995239
106.6 37.8026123047
108.9 37.9454116821
111.1 38.4284362793
113.3 39.2239303589
115.2 40.0296134949
117.4 41.5612373352
119.6 43.6361274719
121.8 45.0260047913
124.0 46.3972625732
126.1 47.2113761902
128.5 47.993347168
130.6 48.7363243103
132.7 49.2971572876
135.0 50.1887321472
137.4 50.9522590637
139.4 51.4428329468
141.7 52.1540184021
143.6 52.6791954041
145.9 53.4718818665
148.2 54.0583610535
150.4 54.3142738342
152.5 54.6237602234
154.5 54.9148025513
156.5 55.1861763
158.9 55.4220657349
160.9 56.0535087585
162.8 56.7199058533
164.9 58.9268798828
166.8 59.7871894836
168.8 60.3062171936
171.0 60.723903656
173.4 61.2592658997
175.6 61.7227935791
177.9 61.9056396484
180.3 61.9623718262
182.5 61.9623718262
184.8 61.9623718262
187.1 61.9623718262
189.4 61.9623718262
191.4 61.9629020691
193.6 62.0378990173
195.9 62.4819297791
198.1 63.558631897
200.1 64.1335144043
202.1 64.8046569824
204.2 65.4023742676
206.5 65.8896179199
208.6 66.4717025757
210.6 66.6951217651
212.5 66.8143844604
214.7 66.9545516968
217.1 67.1140365601
219.2 67.4280853271
221.3 68.1206512451
223.4 68.6974716187
225.8 68.9215927124
228.1 69.2878112793
230.2 69.5888671875
232.5 70.6583709717
234.5 71.2395782471
236.6 71.5100708008
238.6 71.8437957764
240.7 72.5916900635
242.8 73.1209106445
244.7 73.9901733398
247.0 74.5490722656
249.0 74.9945144653
251.0 75.5318069458
253.3 76.1989059448
255.5 76.895866394
257.5 77.5076370239
259.6 78.0765457153
261.7 78.9133224487
264.0 79.8256225586
266.3 80.3864517212
268.6 80.8620986938
270.5 80.9976959229
272.6 81.2683639526
274.6 81.4083557129
276.6 81.7102890015
278.9 81.8943634033
280.9 82.4648590088
282.8 82.8690185547
284.7 83.4514541626
287.0 84.2109451294
289.1 85.3111801147
291.0 85.8869476318
293.0 86.2884674072
295.3 86.6622390747
297.5 87.2390594482
299.4 87.679397583
301.4 88.1109619141
303.2 88.9733734131
305.2 89.4045791626
307.2 89.9330978394
309.6 90.1960372925
311.9 91.016998291
314.1 91.3914718628
316.3 91.6809387207
318.6 91.8962783813
320.6 91.9277191162
322.6 92.0167694092
324.8 92.4033660889
326.6 92.880241394
328.9 94.6470489502
331.2 94.8172531128
333.1 94.9222869873
335.3 95.0064163208
337.4 95.1130371094
339.7 95.1130371094
341.8 95.84740448
343.9 97.0804367065
346.0 98.0334777832
348.3 98.4232406616
350.5 98.7529220581
352.8 98.9970703125
355.0 99.0114746094
357.3 99.0114746094
359.5 99.0114746094
361.4 99.0114746094
363.6 99.0114746094
365.7 99.0114746094
367.9 99.0114746094
370.3 99.0114746094
372.4 99.0114746094
374.5 99.2849502563
376.7 99.6325531006
379.0 99.8756408691
381.1 99.9927978516
