575.5
1.0 5.04961109161
3.6 5.04961109161
5.6 5.04961109161
8.2 5.55529212952
11.0 5.80699110031
14.0 6.11085653305
16.4 6.64692401886
19.2 7.02965402603
21.7 8.04435348511
24.3 9.61180782318
27.0 10.295416832
29.4 10.9467077255
31.7 11.3549060822
34.1 11.6881036758
36.4 12.2554368973
38.8 12.5830144882
41.0 13.5429124832
43.9 13.5429124832
46.5 15.4676275253
50.0 15.4679794312
52.9 15.8607206345
56.2 16.2936859131
59.7 16.927236557
62.4 19.3019523621
65.7 20.3161258698
69.2 21.2949943542
72.4 22.1347503662
75.5 22.4166603088
78.8 22.8466396332
82.3 23.836397171
85.6 24.354549408
89.1 24.5363426208
92.5 24.7926082611
95.7 24.9524440765
99.0 26.0864067078
102.0 26.6296768188
105.0 27.1054973602
108.0 28.0081367493
111.2 29.4006481171
114.2 30.8270587921
117.5 31.8593235016
120.6 32.9421730042
123.7 33.3375473022
126.8 33.8848571777
130.2 34.1516609192
133.1 34.2566986084
136.4 34.5568733215
139.9 35.3994407654
143.4 36.4004402161
146.3 37.2314186096
150.0 37.3782577515
153.0 37.3782577515
155.9 37.5760307312
159.4 37.5760307312
163.0 38.0502738953
166.4 38.2968788147
170.0 39.0347633362
173.1 39.9760437012
176.1 40.9498176575
179.5 41.7906265259
182.7 42.4673881531
185.7 42.9354820251
188.8 43.2604217529
191.7 43.4466056824
194.6 44.4277572632
197.5 44.6072654724
200.9 45.2724342346
204.1 46.4197463989
207.2 47.6420555115
210.5 48.8631401062
213.6 49.9073486328
217.1 50.7067070007
219.9 51.9323539734
223.0 54.1561927795
226.1 56.4639892578
229.2 57.7865943909
232.7 59.1351966858
236.1 60.7771224976
239.3 63.3763122559
242.9 65.5998001099
246.1 66.919418335
249.4 67.9836502075
252.7 68.3542633057
256.0 68.3677825928
258.7 69.9888076782
262.2 70.2159194946
265.2 70.3929672241
267.9 70.3929672241
271.2 70.3929672241
274.2 70.3929672241
277.4 70.3929672241
280.9 70.3929672241
283.9 70.3929672241
287.0 70.3929672241
290.5 70.3929672241
293.9 70.3929672241
297.4 70.3929672241
300.5 70.4403915405
303.5 71.6865921021
307.3 72.3475418091
310.7 73.1981887817
314.0 73.9229049683
317.1 74.493927002
320.0 75.4541702271
323.2 75.4768295288
326.6 75.4768295288
329.8 75.4768295288
333.5 75.4768295288
336.9 75.4768295288
340.4 75.4768295288
343.9 75.4768295288
347.4 76.8210372925
350.7 77.0611495972
353.6 77.1022491455
357.1 77.1022491455
360.1 77.1022491455
363.5 77.1022491455
366.4 77.1022491455
369.2 77.1022491455
372.6 77.1022491455
375.7 77.1022491455
378.8 77.1022491455
382.0 77.1022491455
385.0 77.1022491455
388.3 77.706817627
391.3 78.0577545166
394.7 78.5153121948
397.9 78.723449707
401.6 79.886390686
404.7 81.0647964478
408.0 81.8522109985
411.4 82.5200119019
414.7 83.7324829102
418.1 84.8307952881
421.5 85.8762283325
424.3 86.6589050293
427.2 87.0370635986
430.7 87.0693817139
434.3 87.0693817139
437.3 87.2339630127
440.5 87.2353668213
443.8 87.2938613892
446.7 87.2938613892
450.0 87.2938613892
452.7 87.2938613892
455.6 87.2938613892
458.5 87.2938613892
461.3 87.2938613892
464.4 87.2938613892
467.1 87.6751861572
470.2 87.7626571655
473.5 89.3805160522
477.0 89.9165878296
480.2 90.2411804199
483.3 90.2729721069
486.3 90.2729721069
489.5 90.2729721069
492.7 90.2729721069
495.6 90.2729721069
498.4 90.2729721069
501.8 90.2729721069
504.4 90.2729721069
507.7 90.2757797241
510.4 90.2757797241
513.3 90.2757797241
516.9 90.2757797241
520.1 90.8018341064
523.7 91.7557601929
527.1 93.0116195679
530.5 93.5280151367
533.7 94.2962875366
536.8 94.72240448
539.7 95.2396774292
542.8 96.7010421753
545.7 97.158241272
548.9 97.2497558594
552.3 97.2497558594
555.6 97.2497558594
558.8 97.2497558594
562.3 97.2497558594
565.6 97.2497558594
568.4 98.7047958374
571.6 99.9833145142
574.9 99.9922714233
