418.1
0.1 4.06283855438
2.1 4.10112905502
4.5 4.34562683105
6.5 4.75891876221
8.8 4.95458698273
10.9 5.17361593246
12.8 5.42865228653
14.9 6.00546979904
17.1 6.17724990845
19.3 6.3492064476
21.5 6.8369717598
23.4 7.5346326828
25.5 8.69090175629
27.5 9.48850536346
29.6 10.1076526642
31.9 10.4770336151
33.9 10.7902078629
36.1 10.8425502777
38.5 10.8443069458
40.4 11.0139799118
42.7 11.1604671478
44.7 11.3369903564
46.6 11.7681980133
49.0 11.9556112289
50.9 12.4855308533
52.9 13.0679693222
54.9 14.5502357483
57.2 15.7901115417
59.2 16.7213802338
61.2 17.2874832153
63.1 17.9104957581
65.2 18.7145957947
67.5 20.2586898804
69.8 22.1828784943
72.1 22.9829387665
74.1 23.5683631897
76.2 24.0821247101
78.4 24.5140342712
80.4 24.8103485107
82.3 24.8170223236
84.5 24.9816017151
86.5 25.1623401642
88.5 25.3576564789
90.7 25.7721786499
92.8 26.4677314758
95.0 27.1191978455
97.1 27.6045036316
99.0 28.3627624512
101.0 28.9248256683
102.9 29.4236564636
104.9 31.1012401581
107.0 32.430519104
109.2 33.2096786499
111.4 34.5805854797
113.8 35.3694076538
116.2 36.1947631836
118.4 36.761390686
120.6 36.9505615234
122.7 37.2639122009
124.8 37.5544281006
126.7 38.4791984558
129.0 39.2030296326
131.1 40.4620513916
133.1 41.2754631042
135.3 41.5449028015
137.4 41.8240013123
139.7 42.3261680603
142.1 42.4222450256
144.3 42.4327850342
146.5 42.4327850342
148.7 44.4774665833
150.9 45.0757102966
153.1 45.7918167114
155.2 46.3623085022
157.5 46.7731437683
159.7 47.0643615723
162.0 47.3371391296
164.0 47.5069847107
166.1 47.5069847107
168.1 47.5085678101
170.0 47.5992012024
171.8 47.9271278381
173.8 49.0740890503
176.0 49.8311157227
178.1 50.3596343994
180.3 51.3667793274
182.7 51.6302452087
185.0 51.899684906
187.0 52.235168457
189.1 53.0498085022
191.1 53.4753952026
193.2 54.1268615723
195.3 54.8434906006
197.5 55.512172699
199.5 56.0800323486
201.6 56.5918579102
203.9 57.0132331848
205.9 57.374004364
208.0 57.6854248047
210.3 58.1508827209
212.3 58.3289871216
214.2 58.5647010803
216.4 58.7856636047
218.6 59.0075035095
220.7 59.9544029236
222.8 60.4304008484
225.2 60.8271827698
227.3 61.2144775391
229.5 61.2794647217
231.7 61.3188095093
234.0 61.6019515991
236.3 62.0249023438
238.3 62.8456916809
240.5 62.9916534424
242.8 63.16588974
245.2 63.5133171082
247.5 63.7181167603
249.9 63.7451667786
252.2 63.7451667786
254.4 64.0950546265
256.4 64.3546524048
258.7 64.7435302734
260.9 65.1538391113
263.0 65.6700592041
265.3 66.1796035767
267.2 66.5605773926
269.1 67.2166137695
271.3 67.9771499634
273.4 68.8332443237
275.4 69.1248168945
277.4 69.333480835
279.3 70.3311462402
281.5 71.0535736084
283.9 72.0716094971
286.0 74.784614563
288.0 76.407043457
290.3 77.0195159912
292.5 77.6493835449
294.5 78.4648971558
296.5 79.7687072754
298.7 79.9455871582
300.8 80.9522018433
302.9 82.1467666626
304.8 83.4484710693
306.9 84.5332489014
309.0 85.3577270508
311.3 85.8072052002
313.5 86.2960205078
315.8 86.660484314
317.9 87.3073806763
320.1 87.4549255371
322.2 87.4745941162
324.4 87.4745941162
326.7 87.4745941162
328.7 87.4745941162
330.8 87.4745941162
333.1 87.5401153564
335.0 87.5543365479
336.9 87.5543365479
339.0 87.5543365479
341.0 87.5697937012
343.0 87.7136535645
344.9 88.3306884766
347.1 89.4996032715
349.1 90.209564209
351.2 90.7025985718
353.5 91.3703994751
355.6 91.9417724609
357.8 92.3773727417
359.9 92.9185333252
362.3 92.9329299927
364.4 92.9367980957
366.7 93.0147857666
368.7 93.0969848633
370.6 93.3655471802
372.5 93.5993270874
374.7 94.1865081787
376.9 95.1917266846
379.0 96.5174942017
381.0 97.0389785767
383.3 97.5170822144
385.4 97.9821929932
387.7 98.3772201538
390.3 98.67212677
392.6 98.6772232056
395.0 98.6838912964
397.0 98.8482971191
399.0 98.9856491089
401.1 99.0991210938
403.3 99.0991210938
405.3 99.0991210938
407.3 99.0991210938
409.2 99.0991210938
411.2 99.2333068848
413.5 99.6337814331
415.8 99.9371185303
417.7 99.9961395264
