442.9
0.7 4.31348371506
2.7 4.31348371506
4.5 4.47121286392
6.5 4.85640144348
8.8 5.08245658875
10.8 5.36981105804
13.0 5.58076047897
15.3 5.87637090683
17.1 6.32742643356
19.3 6.48743867874
21.2 6.65605783463
23.4 6.65781402588
25.6 6.65781402588
27.8 6.65781402588
30.0 6.65904378891
32.4 6.65904378891
34.5 6.65904378891
36.6 6.65904378891
38.7 6.65904378891
40.5 6.65904378891
42.8 6.65904378891
44.9 6.70154953003
47.2 6.71489858627
49.5 6.71489858627
51.8 6.91425561905
53.7 7.05898666382
55.9 7.2774887085
57.9 7.64634275436
60.2 8.47310256958
62.2 9.75847053528
64.3 10.4447145462
66.3 11.6601762772
68.6 12.6783895493
70.7 14.4963121414
72.7 15.6520547867
74.8 16.4512386322
77.1 16.6658763885
79.1 16.9567432404
81.6 17.1123657227
83.9 17.2282905579
86.2 17.4734916687
88.3 17.6421089172
90.6 17.9396514893
92.7 18.327123642
94.7 19.0351486206
96.9 20.1125526428
99.1 22.324798584
101.3 24.504901886
103.6 26.725402832
105.9 28.0174446106
108.0 29.2574977875
110.1 30.7172813416
112.2 31.2522945404
114.4 32.288772583
116.8 33.1079826355
119.2 33.9507255554
121.6 34.2157707214
123.8 34.3822822571
126.2 34.7739715576
128.4 35.1598625183
130.5 35.3625564575
132.7 35.4942893982
135.0 35.7170066833
137.2 35.9293632507
139.4 35.9799499512
141.3 36.1933555603
143.2 36.426612854
145.6 36.5685348511
147.5 36.9027862549
149.7 37.1265563965
151.5 37.8224601746
153.8 38.7068328857
156.2 39.7041435242
158.4 41.054851532
160.5 42.5581970215
162.6 43.5196762085
164.8 45.5102577209
166.9 46.7120170593
169.1 47.8528289795
171.2 49.070400238
173.3 49.8242683411
175.6 50.5609207153
177.9 51.1976318359
180.1 52.0481071472
182.2 52.7842330933
184.5 53.2518005371
186.5 53.5287895203
188.9 53.7205963135
191.2 54.1893920898
193.6 54.4623413086
195.9 54.7988777161
198.2 55.0189590454
200.3 55.1735267639
202.2 55.3560218811
204.0 55.6128158569
206.1 55.9611206055
208.1 56.8816719055
210.2 57.58776474
212.3 57.9845466614
214.4 59.348777771
216.5 60.3488998413
218.8 60.9380149841
221.1 61.5592689514
223.4 61.9586830139
225.8 62.0393066406
227.9 62.0393066406
230.2 62.0393066406
232.4 62.0393066406
234.5 62.0393066406
236.6 62.0393066406
238.6 62.0400085449
240.8 62.1113204956
242.8 62.6159477234
245.1 64.206237793
247.0 64.6353378296
249.3 65.2583465576
251.7 65.8448257446
254.2 66.1787261963
256.3 66.4792556763
258.4 66.7332382202
260.2 66.9123916626
262.3 66.9123916626
264.4 66.9123916626
266.4 66.9123916626
268.5 66.9123916626
270.6 66.9522628784
272.9 66.995300293
274.9 67.1135101318
276.9 67.5854644775
278.8 67.7428436279
281.0 67.9341201782
283.0 68.2961196899
284.9 68.5012741089
287.0 68.8023300171
289.0 69.9993515015
291.3 70.4881668091
293.6 70.786239624
295.9 71.4860076904
298.0 71.7059173584
300.0 71.8181533813
302.1 71.8789215088
304.3 72.4752349854
306.4 73.7272338867
308.3 74.1744232178
310.3 74.8805160522
312.4 74.8907012939
314.5 75.9075088501
316.7 76.9158859253
318.7 77.4921798706
320.8 77.9228591919
323.0 78.2579879761
325.4 78.5031890869
327.5 78.8523712158
329.8 78.9263153076
332.0 78.9521408081
334.3 78.9531936646
336.8 78.9531936646
339.0 78.9531936646
341.2 78.9531936646
343.4 78.9531936646
345.4 79.1581726074
347.6 79.240020752
349.6 79.4590530396
351.7 79.7407836914
353.8 79.8913116455
356.1 80.3255081177
358.3 80.8443603516
360.3 81.7736968994
362.5 82.4718856812
364.8 82.9780883789
366.8 84.2546768188
368.6 84.7919769287
370.8 85.2783355713
372.8 85.6011734009
374.9 85.8572616577
376.9 86.1317901611
378.8 86.4572601318
381.0 86.582321167
383.1 86.5921554565
385.4 86.5921554565
387.7 86.5921554565
389.8 86.5921554565
392.1 86.5921554565
394.3 86.5921554565
396.3 86.5921554565
398.3 86.9142913818
400.1 87.7649383545
402.5 88.0176925659
404.6 88.602935791
406.9 88.9192733765
409.1 89.3835067749
411.3 89.8854980469
413.3 90.999961853
415.4 91.7113265991
417.5 91.9617919922
419.6 92.2405395508
421.5 93.2092208862
423.5 93.2092208862
425.7 93.2092208862
428.0 93.2092208862
430.0 94.2098693848
431.9 94.3138504028
434.0 94.3756790161
436.0 94.6242141724
438.3 94.6342315674
440.3 95.5639190674
442.6 100.0
