1029.9
1.2 3.80024981499
2.4 4.11851787567
3.6 4.3616104126
4.8 4.54937458038
6.2 4.71412944794
7.8 4.79808759689
9.5 4.94352149963
11.3 5.22630929947
13.0 5.22630929947
15.0 5.53035068512
16.9 5.85072660446
18.7 6.1033039093
20.7 6.1033039093
22.5 6.38240337372
24.2 6.63937139511
26.1 7.30084943771
28.1 7.30084943771
30.0 8.71074962616
31.9 9.25296497345
33.7 9.95993518829
35.4 10.5385093689
37.2 10.5385093689
39.1 10.8400917053
40.8 10.8996343613
42.6 10.9078903198
44.5 10.9078903198
46.4 10.919131279
48.3 10.919131279
50.1 10.919131279
51.8 10.919131279
53.7 10.919131279
55.5 10.919131279
57.4 10.919131279
59.2 10.952504158
61.0 11.3364629745
62.7 11.5600595474
64.3 11.7483501434
66.3 11.9327774048
68.1 12.1321344376
69.8 12.3502845764
71.6 12.6211290359
73.4 12.6211290359
75.2 12.9947252274
77.0 13.6451377869
78.8 14.3485946655
80.5 15.1303901672
82.4 15.1303901672
84.1 15.4456720352
86.0 15.4458475113
87.9 15.4458475113
89.7 15.4458475113
91.5 15.4458475113
93.3 15.4458475113
95.0 15.4707889557
96.9 15.4707889557
98.6 15.4799232483
100.4 15.4800987244
102.3 15.4800987244
104.1 15.6437997818
106.0 15.6437997818
107.8 16.0072078705
109.6 16.1596679688
111.4 16.2712020874
113.2 16.4008274078
115.0 16.509727478
116.9 16.6493663788
118.8 16.7881240845
120.6 16.9400577545
122.4 17.1272945404
124.2 17.2779979706
125.9 17.4734916687
127.9 17.7831516266
129.8 18.1131896973
131.6 18.5138339996
133.4 18.9914131165
135.2 19.8879032135
137.0 19.8879032135
138.8 21.0288925171
140.6 21.6253814697
142.4 21.6253814697
144.3 21.98387146
146.2 22.3558883667
148.0 22.7524929047
149.6 22.7524929047
151.4 23.1417217255
153.2 23.5021457672
155.1 23.8827667236
157.0 23.8827667236
158.8 24.2642688751
160.6 24.6664943695
162.4 25.0239315033
164.3 25.0239315033
166.3 25.3808422089
168.1 25.5852928162
170.1 25.5926685333
171.9 25.5926685333
173.7 25.5926685333
175.5 25.5926685333
177.3 25.5926685333
179.0 25.5926685333
180.7 25.5926685333
182.5 25.5926685333
184.3 25.5926685333
186.2 25.5926685333
188.0 25.5926685333
189.7 25.5926685333
191.4 25.5926685333
193.2 25.5926685333
195.0 25.5926685333
196.8 25.5926685333
198.7 25.5926685333
200.6 25.5926685333
202.3 25.5926685333
204.2 25.5926685333
206.1 25.5926685333
207.9 25.7020950317
209.6 25.7020950317
211.4 26.0173778534
213.2 26.5687274933
215.0 26.5687274933
216.8 28.4277515411
218.8 29.1171569824
220.6 29.8250045776
222.3 29.8250045776
224.2 30.5108985901
225.9 31.0294017792
227.8 31.0294017792
229.5 31.6237831116
231.2 31.9564533234
232.9 31.9564533234
234.7 32.1106719971
236.6 32.1396522522
238.4 32.1396522522
240.1 32.1396522522
241.9 32.1396522522
243.7 32.1396522522
245.5 32.1396522522
247.3 32.1396522522
249.1 32.1396522522
251.2 32.1396522522
253.0 32.1398277283
255.0 32.1398277283
256.8 32.1398277283
258.5 32.3974990845
260.3 32.6871376038
262.1 32.8208007812
264.0 32.9943389893
265.8 33.1847381592
267.6 33.3725013733
269.3 33.5927619934
271.1 33.759098053
272.8 33.759098053
274.6 34.0336303711
276.4 34.5791816711
278.1 35.1672401428
280.0 35.592300415
281.9 35.727897644
283.8 35.8638458252
285.6 35.9286613464
287.4 35.9286613464
289.3 35.9286613464
291.1 35.9286613464
293.0 35.9286613464
294.8 35.9286613464
296.7 35.9286613464
298.7 35.9286613464
300.5 35.9286613464
302.4 35.9286613464
304.4 35.9825820923
306.2 36.1742095947
308.0 36.5774917603
309.8 37.8078842163
311.5 37.8078842163
313.1 39.1433105469
314.9 39.5731124878
316.7 39.5731124878
318.6 40.1479988098
320.3 40.8669128418
322.2 40.8669128418
323.8 41.5654525757
325.7 41.5654525757
327.5 42.313873291
329.4 42.7747650146
331.3 42.7747650146
333.1 43.1731262207
334.8 43.5639381409
336.6 43.8523445129
338.3 43.8523445129
340.1 43.9928627014
341.8 44.0244789124
343.8 44.0244789124
345.6 44.0244789124
347.4 44.0311508179
349.2 44.0373001099
350.9 44.0373001099
352.6 44.0373001099
354.4 44.0373001099
356.2 44.0373001099
358.0 44.0373001099
359.8 44.0411643982
361.5 44.1033439636
363.3 44.1033439636
365.2 44.1035194397
366.9 44.1035194397
368.6 44.1035194397
370.4 44.1035194397
372.1 44.1035194397
373.9 44.1035194397
375.7 44.1035194397
377.5 44.1035194397
379.5 44.1035194397
381.3 44.1035194397
383.1 44.1035194397
384.9 44.1451454163
386.7 44.2691497803
388.5 44.2691497803
390.4 44.6450309753
392.3 44.9306297302
394.1 45.085723877
395.9 45.2652320862
397.7 45.4419326782
399.4 45.6189804077
401.2 45.8557510376
403.0 46.2021217346
404.8 46.716583252
406.7 47.4685211182
408.5 48.1519546509
410.3 48.9312896729
412.2 48.9312896729
413.9 49.7411880493
415.7 50.251083374
417.5 50.6197624207
419.4 50.6197624207
421.2 50.984752655
423.0 51.3270835876
424.8 51.3270835876
426.6 51.6852226257
428.4 51.7853393555
430.2 51.7879753113
432.0 51.7879753113
433.7 51.7879753113
435.6 51.7879753113
437.4 51.7879753113
439.2 51.7879753113
441.0 51.7879753113
442.9 51.7879753113
444.8 51.8071212769
446.6 51.8071212769
448.3 52.5996284485
450.1 53.1441307068
451.9 53.2994003296
453.7 53.3480529785
455.6 53.349105835
457.3 53.349105835
459.2 53.349105835
460.9 53.349105835
462.6 53.349105835
464.4 53.349105835
466.3 53.349105835
468.0 53.349105835
469.7 53.349105835
471.6 53.349105835
473.4 53.349105835
475.2 53.349105835
477.1 53.349105835
478.8 53.3640365601
480.4 53.4729347229
482.3 53.4729347229
484.2 53.6984634399
486.1 54.1133346558
488.0 54.9213027954
489.9 56.2170333862
491.6 56.9849510193
493.4 56.9849510193
495.3 57.0743560791
497.1 57.2508773804
498.8 57.3318519592
500.5 57.3323783875
502.3 57.3323783875
504.1 57.3323783875
505.8 57.3323783875
507.6 57.3323783875
509.4 57.3323783875
511.3 57.3323783875
513.0 57.3323783875
514.8 57.3323783875
516.6 57.3344841003
518.4 57.3344841003
520.1 57.4230117798
521.9 57.567565918
523.7 58.1647567749
525.6 59.753112793
527.4 60.1253051758
529.2 60.1253051758
531.0 60.5811042786
532.8 61.212020874
534.5 61.212020874
536.4 61.7807579041
538.2 62.1334495544
539.9 62.1334495544
541.8 62.4822807312
543.6 62.8376121521
545.4 63.1887245178
547.3 63.1887245178
549.2 63.5584564209
550.9 63.9044761658
552.8 63.9619140625
554.7 63.9622650146
556.6 63.9622650146
558.4 63.9622650146
560.4 63.9622650146
562.3 63.9622650146
564.4 63.9622650146
566.2 63.9622650146
568.2 63.9622650146
570.0 63.9622650146
571.7 63.9622650146
573.5 63.9622650146
575.4 63.9622650146
577.1 63.9622650146
578.8 63.9622650146
580.6 64.4006729126
582.3 64.5714035034
584.1 64.7291259766
585.8 64.7291259766
587.7 64.8657836914
589.5 65.0015563965
591.4 65.1209945679
593.2 65.2873306274
595.0 65.4889678955
596.8 65.7267913818
598.6 66.0464630127
600.4 66.4518508911
602.2 66.4518508911
604.0 67.0070648193
605.8 67.8296127319
607.6 68.5592422485
609.3 68.5592422485
611.1 69.3812561035
612.9 69.7766342163
615.0 69.7766342163
616.9 70.0381698608
618.7 70.2902145386
620.5 70.5357666016
622.2 70.7184371948
624.1 70.7184371948
625.8 70.972946167
627.6 71.1747665405
629.5 71.4445571899
631.3 71.650062561
633.1 71.9493560791
635.0 71.9493560791
636.9 72.1675109863
638.7 72.1884078979
640.7 72.2098388672
642.6 72.2098388672
644.4 72.2375946045
646.4 72.440284729
648.3 72.440284729
650.3 73.1899337769
652.2 73.5067977905
654.1 73.7688598633
656.1 74.0490188599
657.8 74.0490188599
659.7 74.2892990112
661.4 74.4470291138
663.3 74.4477310181
665.2 74.4477310181
666.9 74.4477310181
668.8 74.4477310181
670.9 74.4477310181
672.8 74.4477310181
674.7 74.4477310181
676.5 74.4477310181
678.2 74.4477310181
680.1 74.4477310181
682.0 74.4477310181
683.7 74.4477310181
685.7 74.4477310181
687.6 74.4477310181
689.4 74.4477310181
691.3 74.4477310181
693.0 74.4477310181
694.7 74.4477310181
696.5 74.4477310181
698.3 74.4477310181
700.0 74.4477310181
701.8 74.4477310181
703.5 74.4477310181
705.3 74.4477310181
707.0 74.4477310181
708.8 74.4524688721
710.6 74.4935760498
712.3 74.5861358643
714.2 74.5861358643
716.0 74.7610778809
717.8 74.9509506226
719.7 75.1882476807
721.6 75.4357299805
723.3 75.6823348999
725.1 75.6823348999
726.8 75.9458007812
728.5 76.1581573486
730.2 76.1894226074
732.0 76.1894226074
733.9 76.1894226074
735.7 76.1894226074
737.5 76.1894226074
739.3 76.1894226074
741.2 76.1894226074
743.1 76.1894226074
744.9 76.1894226074
746.6 76.1894226074
748.2 76.1894226074
749.9 76.1894226074
751.7 76.408454895
753.6 77.6734466553
755.4 77.6734466553
757.3 78.0010223389
759.1 78.4450531006
760.8 79.0673599243
762.6 79.0673599243
764.3 80.484992981
766.0 80.8740463257
767.8 80.8740463257
769.7 81.1331176758
771.6 81.4166107178
773.4 81.7292556763
775.2 81.9066619873
777.1 81.9249267578
778.9 81.9249267578
780.7 81.9249267578
782.5 81.9249267578
784.2 81.9249267578
786.0 81.9249267578
787.8 81.9249267578
789.6 81.9249267578
791.4 81.9249267578
793.1 81.9249267578
794.8 81.9249267578
796.5 81.9249267578
798.3 81.9597015381
800.2 81.9597015381
801.9 82.0689544678
803.9 82.7406234741
805.9 84.3326644897
807.8 84.3326644897
809.5 84.7872314453
811.4 84.7872314453
813.3 85.4539794922
815.3 86.4741210938
817.4 86.4741210938
819.2 86.9899902344
821.1 87.3707885742
823.0 87.60105896
824.7 87.6672821045
826.8 87.6672821045
828.8 87.6683349609
830.6 87.6683349609
832.5 87.6683349609
834.4 87.6683349609
836.2 87.6683349609
838.0 87.6683349609
839.8 87.6683349609
841.6 87.6683349609
843.5 87.6683349609
845.3 87.6683349609
847.0 87.6683349609
848.9 87.6683349609
850.7 87.6683349609
852.5 87.6683349609
854.3 87.6683349609
856.1 87.6683349609
857.9 87.6683349609
859.7 87.6683349609
861.4 87.6683349609
863.2 87.6683349609
865.0 87.6683349609
866.7 87.8425750732
868.5 88.0693283081
870.3 88.2509460449
872.0 88.3846130371
873.7 88.5316238403
875.4 88.7016525269
877.2 88.9217376709
879.0 89.125831604
880.7 89.3381881714
882.6 89.6617279053
884.3 90.1477355957
886.1 90.1477355957
887.8 90.7670593262
889.5 91.2959213257
891.2 91.5497283936
893.0 91.7557601929
894.7 91.9716262817
896.5 92.3966903687
898.2 92.7214584351
899.9 92.8964004517
901.7 93.0609817505
903.8 93.0882034302
905.4 93.0889053345
907.4 93.0889053345
909.2 93.0889053345
910.9 93.0889053345
912.8 93.0889053345
914.6 93.0889053345
916.4 93.0889053345
918.2 93.0889053345
920.3 93.0889053345
922.2 93.0889053345
923.8 93.0889053345
925.6 93.0889053345
927.3 93.0889053345
929.1 93.1164855957
931.0 93.1164855957
932.9 93.3197021484
934.7 93.8612136841
936.5 95.2530212402
938.2 95.9355773926
940.1 95.9355773926
941.9 96.0501022339
943.7 96.0933074951
945.6 96.0934829712
947.4 96.0934829712
949.2 96.0934829712
950.9 96.0934829712
952.6 96.0934829712
954.4 96.0934829712
956.2 96.0934829712
958.0 96.0934829712
959.8 96.0934829712
961.5 96.1551361084
963.4 96.1551361084
965.1 96.2325973511
966.9 96.3025054932
968.7 97.1361160278
970.5 98.1223602295
972.2 98.3238220215
974.0 98.5943145752
975.8 99.1040344238
977.7 99.1040344238
979.5 99.512588501
981.3 99.7005233765
983.1 99.7576065063
985.1 99.7788619995
987.2 99.7834320068
989.1 99.7834320068
991.0 99.7834320068
992.8 99.7834320068
994.7 99.7834320068
996.7 99.7834320068
998.7 99.7834320068
1000.8 99.7834320068
1002.5 99.7834320068
1004.2 99.7834320068
1005.9 99.7834320068
1007.8 99.7834320068
1009.6 99.7834320068
1011.4 99.7834320068
1013.2 99.7834320068
1015.2 99.7834320068
1017.1 99.7834320068
1018.9 99.7834320068
1020.8 99.7834320068
1022.5 99.7834320068
1024.4 99.7834320068
1026.2 99.9455490112
1028.2 100.0
