360.3
0.5 3.71030592918
1.8 3.75403547287
3.1 4.03528928757
4.4 4.31534862518
5.8 4.70795726776
7.2 5.02170944214
8.6 5.4279384613
10.0 5.78996038437
11.4 6.07169246674
12.7 6.40742874146
14.1 6.80816173553
15.5 7.23756980896
16.8 7.62133693695
18.1 8.05313491821
19.4 8.50978374481
20.8 9.17098140717
22.2 9.68880462646
23.5 10.4613571167
24.9 11.1741695404
26.3 12.406955719
27.6 13.3733034134
28.9 14.208940506
30.3 14.6125411987
31.6 14.8006010056
33.0 15.0369310379
34.4 15.3009796143
35.7 15.7155723572
37.1 16.3101005554
38.4 16.8358097076
39.7 17.5615253448
41.0 18.2284584045
42.3 18.8755569458
43.7 19.8266124725
45.0 20.4806404114
46.4 21.5628833771
47.7 22.3206195831
49.0 23.0076255798
50.3 23.6114730835
51.8 24.2255954742
53.1 24.7634906769
54.4 25.1785621643
55.7 25.6409454346
57.1 26.07513237
58.4 26.451253891
59.9 26.839799881
61.2 27.3196277618
62.6 27.7975444794
64.0 28.2056865692
65.4 28.6991348267
66.7 29.0790786743
68.0 29.6929626465
69.3 30.2425670624
70.6 31.1415271759
72.0 31.9788379669
73.3 32.6450538635
74.7 33.8893089294
76.1 35.1505317688
77.4 36.3154525757
78.7 36.7455787659
80.0 37.6770401001
81.4 38.559513092
82.7 38.9033737183
84.1 39.9473800659
85.5 40.6733360291
86.8 41.6490020752
88.1 42.1895256042
89.5 43.170211792
90.8 43.690662384
92.1 44.6550979614
93.4 45.5153503418
94.8 46.1466789246
96.1 46.9854202271
97.4 47.5352630615
98.8 48.3527412415
100.1 48.9068832397
101.4 49.654586792
102.8 50.4524688721
104.1 50.846988678
105.4 51.5256309509
106.8 51.9426116943
108.1 52.4281768799
109.4 52.7806396484
110.8 53.1878242493
112.1 53.5472183228
113.4 53.9749526978
114.7 54.3890686035
116.1 54.8349647522
117.4 55.2918510437
118.7 55.7100296021
120.0 56.2472076416
121.4 56.9208297729
122.8 57.6154823303
124.1 58.6303367615
125.4 59.2322731018
126.7 59.9336166382
128.0 60.4755744934
129.3 60.8536071777
130.6 61.2586402893
131.9 61.7019081116
133.2 62.2151908875
134.6 62.786781311
136.0 63.5459518433
137.3 64.097946167
138.6 64.9345397949
140.0 65.8798599243
141.3 66.3988723755
142.7 66.7212295532
144.0 66.9953155518
145.4 67.3910293579
146.7 67.7575912476
148.1 68.2570114136
149.4 68.6708908081
150.7 68.9497528076
152.0 69.4632720947
153.4 69.8630523682
154.8 70.4128952026
156.2 71.0205688477
157.5 71.7493896484
158.8 72.2679290771
160.1 72.7850341797
161.5 73.4772949219
162.9 74.1454238892
164.2 74.6957473755
165.5 75.0446243286
166.8 75.4871749878
168.2 75.7880249023
169.6 76.2513656616
170.9 76.7192459106
172.3 77.1104202271
173.7 77.1460266113
175.0 77.14793396
176.4 77.1488952637
177.8 77.1488952637
179.1 77.1488952637
180.4 77.1488952637
181.7 77.1488952637
183.1 77.1773300171
184.4 77.241607666
185.7 77.399559021
187.1 77.5448455811
188.4 77.7809371948
189.9 77.9443817139
191.2 78.1623153687
192.5 78.3257598877
193.9 78.5618515015
195.2 78.7616195679
196.6 78.9795532227
197.9 79.1611633301
199.4 79.3609313965
200.7 79.5606994629
202.1 79.7998962402
203.5 79.9941711426
204.8 80.1999130249
206.1 80.4228591919
207.5 80.6658782959
208.8 80.9057922363
210.1 81.0601654053
211.5 81.2064056396
212.9 81.3951797485
214.2 81.5442886353
215.5 81.7961578369
216.8 82.3154144287
218.1 82.4547271729
219.5 82.6499557495
220.8 82.8231964111
222.2 82.9692001343
223.6 83.1393356323
224.9 83.3797302246
226.2 83.5845184326
227.5 83.8017349243
228.9 84.180480957
230.2 84.4466781616
231.5 85.0596084595
232.8 85.9478149414
234.2 86.6068649292
235.5 87.1490631104
237.0 87.3206329346
238.3 87.5512237549
239.6 87.7727432251
240.9 88.4356079102
242.2 89.0879669189
243.5 89.6614685059
244.8 89.9728317261
246.1 90.1620864868
247.5 90.2641220093
248.9 90.4323501587
250.2 90.6115646362
251.6 90.7702331543
252.9 90.9430007935
254.2 91.169052124
255.5 91.4242630005
256.9 91.5963134766
258.2 91.743270874
259.6 91.9466247559
260.9 92.114616394
262.3 92.284034729
263.6 92.4362487793
264.9 92.5734176636
266.2 92.7939758301
267.5 93.0190734863
268.9 93.300567627
270.3 93.6907806396
271.6 93.9866104126
272.9 94.3584289551
274.2 94.5861587524
275.5 94.7670516968
276.8 94.9214172363
278.2 95.0870132446
279.5 95.1790161133
280.9 95.2186813354
282.2 95.2265701294
283.5 95.2992095947
284.8 95.3477172852
286.1 95.3947982788
287.5 95.4468841553
288.8 95.4688720703
290.2 95.4693527222
291.5 95.4693527222
292.8 95.4693527222
294.1 95.4693527222
295.4 95.4693527222
296.7 95.4693527222
298.0 95.4693527222
299.3 95.4693527222
300.7 95.4693527222
302.0 95.4693527222
303.3 95.4693527222
304.6 95.4693527222
305.9 95.4693527222
307.3 95.4753265381
308.6 95.4753265381
309.9 95.4753265381
311.3 95.4753265381
312.7 95.4753265381
314.0 95.4753265381
315.4 95.4753265381
316.7 95.4753265381
318.1 95.4753265381
319.4 95.4753265381
320.8 95.4753265381
322.2 95.4753265381
323.5 95.4753265381
324.9 95.4753265381
326.2 95.4753265381
327.5 95.4753265381
328.8 95.4753265381
330.2 95.4822540283
331.5 95.5465316772
332.9 95.8363876343
334.3 96.2801361084
335.6 96.5843276978
336.9 96.7802734375
338.2 96.9618835449
339.6 97.1083679199
341.0 97.3348999023
342.3 97.4789886475
343.6 97.641242981
345.0 97.8357543945
346.3 97.9882125854
347.7 98.1972961426
349.2 98.3667221069
350.5 98.6061553955
351.9 98.8587341309
353.2 98.9354400635
354.5 98.9884872437
355.9 99.1476364136
357.3 99.5249481201
358.6 99.9436035156
360.1 99.9968948364
