368.4
0.8 3.66442608833
2.2 3.68067526817
3.5 4.00494146347
4.8 4.34999752045
6.1 4.679043293
7.5 5.02505493164
8.9 5.36939382553
10.3 5.72902584076
11.6 5.99665927887
12.9 6.35915899277
14.2 6.71855258942
15.6 7.10399246216
17.0 7.43948984146
18.4 7.93246078491
19.7 8.46557712555
21.1 8.93369579315
22.5 9.58414077759
23.9 10.3710308075
25.3 11.1930475235
26.7 12.2791128159
28.0 13.3087844849
29.3 14.2486076355
30.6 14.8421802521
32.0 15.2326383591
33.4 15.8388748169
34.7 16.4348373413
36.1 17.2554206848
37.5 17.9911727905
38.8 18.5457954407
40.1 18.9940814972
41.6 19.7231426239
42.9 20.4378681183
44.2 20.9951171875
45.6 21.8214359283
47.0 22.6267261505
48.3 23.4853019714
49.7 24.1054000854
51.0 24.6423397064
52.4 25.2502498627
53.7 25.7341403961
55.0 26.0576896667
56.4 26.5181617737
57.8 26.9738559723
59.1 27.3798465729
60.5 27.8964729309
61.9 28.443687439
63.3 28.8539791107
64.6 29.4363212585
66.0 29.9613132477
67.3 30.8473701477
68.6 31.5941143036
69.9 32.7325134277
71.3 34.1273117065
72.6 34.9467010498
73.9 35.3178024292
75.2 35.65234375
76.6 36.0301361084
77.9 36.5278892517
79.3 37.3608970642
80.7 38.9915466309
82.0 40.3227844238
83.3 41.2439689636
84.6 41.9087524414
86.0 42.8014984131
87.3 43.7860069275
88.6 44.3461265564
90.0 45.2902488708
91.3 46.0219421387
92.6 46.9949798584
94.0 47.5993041992
95.4 48.3723335266
96.7 48.8686523438
98.1 49.4677200317
99.4 49.8216171265
100.7 50.39320755
102.0 50.8947792053
103.4 51.2706604004
104.7 51.7203788757
106.1 52.1576728821
107.5 52.6386985779
108.9 53.0554389954
110.3 53.5431556702
111.7 53.9130630493
113.0 54.4160690308
114.4 54.7752227783
115.7 55.1781082153
117.1 55.6361923218
118.5 56.255569458
119.9 56.8123435974
121.3 57.4314842224
122.7 58.1115608215
124.0 58.4167098999
125.4 58.9123077393
126.8 59.4387359619
128.2 59.8650360107
129.6 60.2801055908
131.0 60.4877624512
132.3 60.9410667419
133.7 61.3946075439
135.0 61.60704422
136.3 61.7939071655
137.6 61.9019165039
139.0 61.9305915833
140.4 61.9365653992
141.7 61.9936790466
143.0 62.1239089966
144.4 62.2543792725
145.8 62.3764877319
147.1 62.5246429443
148.5 63.1239509583
149.8 63.4300575256
151.2 63.5457115173
152.6 63.7368774414
153.9 63.925655365
155.3 64.2348709106
156.6 64.7247314453
158.0 65.1469726562
159.3 65.5899963379
160.7 65.9278869629
162.1 66.1592025757
163.5 66.3921813965
164.9 66.9709396362
166.2 67.6244888306
167.6 67.7891311646
169.0 67.9743270874
170.3 68.2094650269
171.6 68.3970413208
173.0 68.5855789185
174.4 68.7533340454
175.8 69.0123596191
177.2 69.2149963379
178.7 69.4064025879
180.0 69.5860977173
181.4 69.8408279419
182.8 70.1713104248
184.2 70.5634384155
185.5 70.9746856689
186.9 71.2901153564
188.2 71.8141479492
189.5 72.344871521
190.8 72.8055877686
192.1 73.4072799683
193.5 73.65675354
194.8 73.8794631958
196.1 74.1298904419
197.4 74.2711181641
198.7 74.4097137451
200.1 74.5174865723
201.4 74.6360092163
202.7 74.8298034668
204.0 75.032913208
205.4 75.4537200928
206.7 75.7213592529
208.0 75.8883895874
209.3 76.1022567749
210.7 76.3084793091
212.0 76.6143417358
213.4 76.9041976929
214.7 77.2946548462
216.1 77.7916870117
217.4 78.2046127319
218.8 78.763053894
220.1 79.2746658325
221.5 79.7552108765
222.8 80.2359924316
224.1 80.5781860352
225.5 80.9304046631
226.8 81.2503738403
228.1 81.7940063477
229.4 82.2406158447
230.7 83.0750579834
232.0 83.4358825684
233.4 84.0402145386
234.7 84.527923584
236.0 84.9989089966
237.4 85.6749267578
238.8 86.2548751831
240.1 86.6309967041
241.5 86.9540710449
242.8 87.1631546021
244.2 87.4585113525
245.5 88.2762298584
246.8 88.9362258911
248.1 89.4913330078
249.5 89.893737793
250.8 90.2070083618
252.1 90.5114440918
253.5 90.9004669189
254.9 91.2333374023
256.2 91.5905761719
257.7 91.9045715332
259.0 92.2419815063
260.3 92.5655288696
261.7 92.8307723999
263.0 93.2037887573
264.4 93.5949630737
265.8 93.9163589478
267.1 94.3417053223
268.5 94.6384887695
269.9 94.9856948853
271.3 95.1923980713
272.7 95.3914489746
274.0 95.5204849243
275.3 95.5207290649
276.7 95.5207290649
278.1 95.5207290649
279.4 95.5207290649
280.7 95.5207290649
282.0 95.5207290649
283.4 95.5207290649
284.7 95.5207290649
286.1 95.5207290649
287.4 95.5207290649
288.7 95.5207290649
290.0 95.5207290649
291.3 95.5207290649
292.6 95.5207290649
293.9 95.5207290649
295.2 95.5207290649
296.6 95.5207290649
297.9 95.5207290649
299.3 95.5207290649
300.7 95.5207290649
302.1 95.5207290649
303.7 95.5207290649
305.1 95.5209655762
306.5 95.5209655762
307.9 95.5209655762
309.3 95.5209655762
310.6 95.5209655762
312.0 95.5209655762
313.3 95.5209655762
314.6 95.5209655762
316.0 95.5209655762
317.3 95.5209655762
318.6 95.5209655762
319.9 95.5209655762
321.2 95.5209655762
322.5 95.5209655762
323.8 95.5209655762
325.1 95.5209655762
326.4 95.5209655762
327.8 95.5209655762
329.1 95.5209655762
330.5 95.5209655762
331.8 95.5209655762
333.2 95.5209655762
334.5 95.5209655762
335.8 95.5209655762
337.1 95.5209655762
338.5 95.5209655762
339.8 95.5209655762
341.2 95.5209655762
342.6 95.5209655762
344.0 95.5300445557
345.3 95.604598999
346.7 95.7369842529
348.0 95.8770141602
349.4 96.2820510864
350.8 96.5771636963
352.1 96.6932983398
353.4 96.9946212769
354.8 97.3561630249
356.1 97.6226043701
357.4 97.955947876
358.8 98.3315963745
360.2 98.6945724487
361.5 98.9939880371
362.8 99.4023666382
364.1 99.603805542
365.5 99.7682113647
366.8 99.9383468628
368.2 100.0
