272.5
0.6 4.09909105301
3.1 4.09909105301
5.5 4.2443780899
7.7 4.64750051498
10.2 5.12016010284
12.5 5.76773738861
14.8 6.33598041534
17.2 7.05643939972
19.8 7.77235889435
22.4 8.66916942596
25.1 9.73062229156
27.7 11.3615131378
30.3 13.6772584915
32.5 14.3726272583
35.1 15.4565420151
37.3 16.3877620697
39.7 17.4654636383
41.9 18.8139057159
44.1 20.0392856598
46.3 21.0058708191
48.4 21.9722194672
50.6 23.1146793365
52.7 23.9969120026
54.9 24.8012466431
57.2 25.5692577362
59.3 26.4768218994
61.5 27.0911846161
63.6 27.7557277679
65.7 28.2362728119
68.1 29.0606784821
70.3 29.7046718597
72.6 30.2485408783
74.6 30.9190578461
76.8 31.4650783539
79.0 32.7176971436
81.5 33.8226394653
83.8 36.2005157471
86.2 38.0452728271
88.3 39.7210884094
90.7 41.1624832153
93.1 42.8913497925
95.4 44.7650184631
97.5 46.6329574585
99.7 49.4942436218
102.3 52.1930389404
104.8 55.4220848083
107.2 57.6097488403
109.7 59.7966957092
111.8 61.2261428833
114.0 62.0221138
116.4 62.7119865417
118.6 64.0155029297
121.1 64.5550689697
123.8 65.0406341553
126.2 65.7806854248
128.7 66.9389190674
131.1 67.6318969727
133.5 68.6794891357
135.8 69.617401123
138.0 70.4585342407
140.3 71.4932250977
142.5 73.1162338257
144.8 74.0120849609
147.3 75.3461914062
150.0 76.8970336914
152.3 77.7940826416
154.7 78.5152587891
156.9 78.9513549805
159.3 79.5327377319
161.7 80.1153182983
164.0 80.9220428467
166.3 81.5732040405
168.8 82.7777938843
171.1 83.659072876
173.5 84.6201629639
175.8 85.5690689087
178.2 86.9371032715
180.5 88.3388366699
182.8 89.3642044067
185.1 90.5009307861
187.4 92.3258514404
189.9 92.8319702148
192.3 93.4769134521
194.9 94.5225982666
197.4 94.9856948853
200.0 95.1625289917
202.4 95.2604980469
204.8 95.308052063
207.0 95.308052063
209.4 95.308052063
212.0 95.308052063
214.2 95.308052063
216.6 95.308052063
218.7 95.308052063
220.8 95.308052063
222.8 95.308052063
225.2 95.308052063
227.8 95.308052063
230.0 95.308052063
232.1 95.308052063
234.2 95.308052063
236.2 95.308052063
238.3 95.308052063
240.3 95.6583633423
242.7 95.8896789551
244.8 96.1965026855
247.4 96.4865951538
249.5 96.79246521
251.7 97.0376358032
254.1 97.4395599365
256.3 97.7310943604
258.6 98.2281265259
261.0 98.3977813721
263.1 98.7669754028
265.4 99.3975830078
267.4 99.6272277832
269.6 99.8778915405
272.1 99.9945068359
