275.5
1.6 4.30077219009
3.8 4.30077219009
6.3 4.32562351227
8.5 4.86782026291
11.0 5.32781505585
13.3 5.98495054245
15.5 6.55701684952
18.1 7.20339918137
20.4 7.78143930435
23.0 8.33606147766
25.2 9.65965175629
27.3 10.7141752243
29.6 11.8167285919
32.0 12.8533296585
34.3 14.4352340698
36.4 15.9643287659
38.5 17.1182575226
40.7 18.357257843
43.3 19.5840682983
45.5 21.1167488098
48.2 22.3514461517
50.4 22.9839687347
52.7 24.6241779327
55.0 25.7090492249
57.6 26.9404010773
59.8 27.8718605042
61.9 28.9359416962
64.1 29.6936798096
66.4 30.6686286926
68.9 31.6536159515
71.0 32.9702758789
73.2 33.7619438171
75.6 35.5034713745
78.2 36.9864501953
80.6 39.5201225281
83.0 41.7125663757
85.4 43.2526512146
87.7 44.5067062378
89.9 45.944278717
92.1 47.8917884827
94.5 50.5095787048
97.0 52.7467079163
99.2 55.1260147095
101.4 56.8551177979
103.9 59.5402908325
106.2 61.7109909058
108.5 62.7521324158
111.1 63.8334159851
113.5 64.4821929932
115.8 65.9536972046
118.2 66.904510498
120.8 67.9291610718
123.3 69.5139312744
125.8 70.7010803223
128.4 71.6702957153
130.6 73.0230407715
133.1 74.7022018433
135.5 76.0382156372
137.8 77.3450775146
140.0 78.8531417847
142.3 80.1913070679
144.8 80.958366394
147.4 81.8279342651
150.0 82.3197097778
152.3 82.4184036255
155.0 82.4458847046
157.4 82.4458847046
159.8 82.4458847046
162.2 82.6088485718
164.5 83.0098266602
166.5 83.1732711792
168.7 83.554649353
171.1 83.937461853
173.3 84.8670043945
175.7 85.4899749756
177.9 86.1721954346
180.1 86.9101028442
182.4 87.4988937378
184.7 88.6915359497
187.0 89.3642044067
189.4 90.7092971802
191.9 91.7203292847
194.4 92.8073577881
196.7 93.9550704956
198.8 94.6083831787
201.4 95.5783157349
204.0 97.3403930664
206.3 97.5475692749
208.5 97.7442321777
210.6 98.1853485107
212.8 98.3729324341
215.0 98.4656448364
217.6 98.5103302002
219.8 98.5258636475
222.0 98.5258636475
224.2 98.5258636475
226.6 98.5258636475
228.7 98.5258636475
231.0 98.5258636475
233.1 98.5258636475
235.5 98.5258636475
237.7 98.5258636475
239.9 98.5258636475
242.0 98.5258636475
244.1 98.5724639893
246.2 99.2508621216
248.8 99.275718689
251.1 99.2766723633
253.1 99.2769088745
255.2 99.2771530151
257.3 99.2771530151
259.4 99.2771530151
261.5 99.2771530151
263.9 99.2771530151
266.3 99.2771530151
268.4 99.465927124
270.5 99.6377410889
272.8 99.8449172974
275.2 99.9904403687
