238.3
0.1 4.3122420311
1.7 4.3122420311
3.2 4.38130092621
4.8 4.58537149429
6.3 4.79278707504
8.0 5.16986370087
9.6 5.64491271973
11.1 5.98256063461
12.7 6.43419218063
14.2 6.83134078979
15.8 7.32956886292
17.4 7.81513214111
18.9 8.3547000885
20.5 8.81971263885
22.1 9.85296916962
23.6 10.9600629807
25.1 11.5383424759
26.6 12.2987070084
28.1 12.984995842
29.6 14.044298172
31.2 14.9176912308
32.7 16.2204914093
34.2 16.890291214
35.7 17.6516132355
37.1 18.45570755
38.6 19.2234802246
40.0 19.9642524719
41.7 20.7829227448
43.2 21.6826019287
44.7 22.5423736572
46.1 23.5273590088
47.7 24.4107875824
49.2 25.3534793854
50.7 26.2830276489
52.2 26.8706264496
53.9 27.4663486481
55.5 27.9363803864
57.0 28.3696117401
58.5 28.7275714874
60.0 29.2057266235
61.6 29.5978565216
63.1 30.2131748199
64.6 30.8163051605
66.1 31.5620937347
67.6 32.7908172607
69.1 33.1920280457
70.6 33.9607582092
72.1 34.5932807922
73.5 35.1792068481
75.2 35.7137565613
76.9 36.4499855042
78.6 37.3054580688
80.2 37.9033317566
81.7 38.7879562378
83.4 39.8345947266
85.1 41.082195282
86.7 43.039024353
88.1 45.1616897583
89.7 47.0432472229
91.2 50.1442108154
92.7 52.0052185059
94.2 52.658290863
95.7 53.4361000061
97.2 54.1649246216
98.7 54.9009170532
100.2 56.2304801941
101.8 57.8126220703
103.3 58.9256896973
104.7 60.4655380249
106.1 61.8452835083
107.6 62.7652740479
109.2 64.1722564697
110.7 64.8929595947
112.2 65.779258728
113.7 66.6297073364
115.1 67.1609115601
116.6 67.5458755493
118.2 67.8283233643
119.7 68.0789871216
121.3 68.3427963257
122.7 68.6632461548
124.3 69.4838256836
125.8 69.9270935059
127.4 70.376335144
128.9 71.2346725464
130.3 72.2120132446
131.9 72.6215896606
133.4 73.0746536255
134.8 73.7683486938
136.4 74.3482971191
137.9 75.0279006958
139.5 76.0331954956
141.1 76.7794647217
142.8 77.5352859497
144.7 78.1525192261
146.5 78.6595840454
148.2 79.6639328003
149.7 80.3803253174
151.3 81.0336380005
152.8 81.5528945923
154.2 82.316368103
155.6 82.7935638428
157.4 83.1904754639
159.0 83.5276489258
160.6 83.9322052002
162.2 84.5444107056
163.7 85.2103881836
165.2 85.7657318115
166.7 86.2477111816
168.2 86.9915847778
169.8 87.5684280396
171.2 88.2222213745
172.8 88.7890319824
174.4 89.5063858032
175.9 90.249786377
177.3 91.0519638062
178.9 91.9810333252
180.4 92.864944458
182.0 94.2480316162
183.5 95.3018417358
184.9 96.5566101074
186.5 97.0316619873
188.1 97.260345459
189.7 97.7631072998
191.4 98.4407958984
192.8 98.8064041138
194.3 99.2281646729
195.9 99.2974624634
197.5 99.3086929321
199.0 99.3086929321
200.6 99.3086929321
202.1 99.3086929321
203.7 99.3086929321
205.2 99.3086929321
206.7 99.3086929321
208.2 99.3086929321
209.7 99.3086929321
211.2 99.3086929321
212.6 99.3086929321
214.1 99.3086929321
215.6 99.3086929321
217.1 99.3086929321
218.5 99.3086929321
220.1 99.3086929321
221.5 99.3086929321
223.1 99.3086929321
224.6 99.3086929321
226.1 99.3086929321
227.6 99.3089294434
229.1 99.3321151733
230.6 99.4331893921
232.2 99.532119751
233.7 99.8016662598
235.1 99.9278335571
236.7 99.9815979004
238.2 100.0
