242.4
1.4 6.06954145432
3.2 6.06954145432
5.0 6.50587940216
6.8 6.94365119934
8.3 7.79768848419
9.9 8.2629404068
11.6 8.9623708725
13.2 9.63957881927
15.0 10.4618349075
16.6 11.2788333893
18.1 11.9617757797
20.0 13.0029172897
21.8 14.2655735016
23.2 15.3229637146
24.8 16.2018527985
26.4 17.26927948
28.2 18.0191307068
29.9 19.5728378296
31.5 20.7184047699
33.2 21.2911872864
35.0 22.0489234924
36.7 22.7060604095
38.3 23.3531589508
40.0 23.7522201538
41.6 24.1739807129
43.1 24.5854663849
44.7 24.9759254456
46.2 25.5076065063
47.7 25.967124939
49.3 26.6894950867
51.0 27.8496379852
52.6 29.4575881958
54.3 30.5080490112
56.0 31.3828754425
57.8 32.3516120911
59.6 33.5681495667
61.1 34.8167076111
62.8 36.1952590942
64.5 37.3467979431
66.2 38.2032241821
67.9 39.5762786865
69.5 40.7679634094
71.0 41.74817276
72.6 43.0234909058
74.4 44.3645248413
76.1 45.9992408752
77.7 47.4308395386
79.3 48.4024429321
81.0 48.9678192139
82.8 49.8737106323
84.3 50.7435188293
86.0 51.8549156189
87.6 53.0642814636
89.3 54.3663673401
91.0 55.261505127
92.7 56.4464988708
94.3 57.7304229736
95.9 58.6322517395
97.5 59.6667022705
99.2 60.3814239502
100.6 61.2541007996
102.2 61.8966598511
103.8 62.6950187683
105.4 63.1918144226
106.9 63.9629325867
108.6 64.6360778809
110.4 65.659538269
112.0 66.6428527832
113.6 67.5821990967
115.1 69.1153488159
116.7 70.7892532349
118.3 72.767829895
120.1 74.5265655518
121.5 75.9282913208
123.1 76.3562698364
124.7 76.8511505127
126.4 77.6277618408
128.2 78.617767334
130.0 80.0015792847
131.6 81.8513565063
133.3 83.0607223511
134.9 84.0497665405
136.4 85.0889968872
137.9 85.6340637207
139.5 86.5091323853
141.2 87.4002075195
143.1 88.324256897
144.7 89.2774581909
146.4 89.9893188477
148.0 90.7195739746
149.5 91.4656066895
151.3 92.4551315308
153.0 93.04296875
154.6 93.6996231079
156.1 93.9887619019
157.8 94.2642822266
159.5 94.973991394
161.4 95.1116256714
162.9 95.3830871582
164.7 95.6535873413
166.2 95.940574646
167.9 96.461265564
169.5 96.9030990601
171.2 97.4448165894
172.8 97.9702911377
174.4 98.3502349854
176.2 98.5798721313
178.0 98.5798721313
179.5 98.5798721313
181.3 98.5798721313
182.9 98.5798721313
184.6 98.5798721313
186.2 98.5798721313
188.0 98.5798721313
189.5 98.5798721313
191.1 98.5798721313
192.9 98.5798721313
194.5 98.5798721313
196.3 98.5798721313
198.0 98.5865631104
199.7 98.6529922485
201.3 98.710105896
202.9 98.9141769409
204.7 98.9794082642
206.2 99.0735549927
207.7 99.1306686401
209.2 99.1497879028
210.9 99.1497879028
212.5 99.1868209839
214.2 99.1963806152
215.8 99.2374801636
217.6 99.3101272583
219.3 99.3765563965
220.9 99.3820571899
222.4 99.3820571899
224.1 99.3820571899
225.6 99.3820571899
227.4 99.3820571899
229.0 99.3820571899
230.6 99.3820571899
232.2 99.3820571899
233.7 99.4800262451
235.4 99.5517120361
237.2 99.6931762695
238.9 99.8649902344
240.5 99.9445648193
242.2 99.9854202271
